"ID"	"VAR00"	"VAR00_1"	"VAR01"	"VAR02"	"VAR03"	"VAR03_1"	"VAR04_1"	"VAR04_2"	"VAR04_3"	"VAR04_4"	"VAR04_5"	"VAR04_6"	"VAR04_7"	"VAR04_8"	"VAR04_9"	"VAR04_10"	"VAR04_11"	"VAR04_12"	"VAR04_13"	"VAR04_14"	"VAR04_15"	"VAR04_16"	"VAR05_1"	"VAR05_2"	"VAR05_3"	"VAR05_4"	"VAR05_5"	"VAR05_6"	"VAR05_7"	"VAR06_1"	"VAR06_2"	"VAR06_3"	"VAR06_4"	"VAR06_5"	"VAR06_6"	"VAR07_1"	"VAR07_2"	"VAR07_3"	"VAR07_4"	"VAR07_5"	"VAR07_6"	"VAR07_7"	"VAR07_8"	"VAR07_9"	"VAR08_1"	"VAR08_2"	"VAR08_3"	"VAR08_4"	"VAR08_5"	"VAR08_6"	"VAR09_1"	"demo_age"	"demo_gender"	"VAR12"	"VAR12_1"	"VAR13"	"VAR14"	"VAR14_1"	"VAR15"	"VAR16"	"VAR17"	"VAR18"	"demo_nationality"	"gen_insec_mean"	"dest_info_mean"	"gen_trav_sum"	"gen_trav_int"	"gen_trav_bin"	"dest_sec"	"dest_trav_int"
4	7	""	5	21	6	""	5	5	4	5	5	4	4	4	4	4	3	3	3	2	4	4	5	4	4	5	5	5	5	2	4	3	4	4	4	2	2	2	2	4	2	3	2	2	5	5	3	2	2	2	4	23	"2"	1	""	5	5	""	2	5	1	0	"swe"	3.16666666666667	3.4	1	1	1	4	5
5	7	""	2	3	1	""	5	4	4	4	5	5	5	5	5	4	3	4	4	4	5	4	4	4	3	4	4	4	4	4	4	2	4	4	4	2	2	3	2	2	2	4	3	3	4	4	2	2	2	2	5	35	"2"	1	""	6	5	""	6	4	1	0	"swe"	2.66666666666667	3.6	1	1	1	5	2
6	7	""	1	1	2	""	5	5	5	5	6	5	5	2	6	6	5	6	6	5	5	6	4	4	4	4	4	4	4	2	3	3	4	4	3	2	2	2	2	2	2	4	4	2	4	4	4	4	4	4	4	57	"2"	8	""	4	4	""	3	0	3	0	"int"	4	3.2	3	2	2	5	1
7	7	""	1	1	2	""	4	3	4	4	3	4	4	4	3	5	5	3	3	4	4	4	4	4	4	3	4	4	4	4	5	4	3	3	5	3	2	2	2	2	2	2	3	2	2	4	4	4	2	2	5	56	"1"	8	""	7	3	""	4	34	4	4	"int"	3	3.8	8	3	2	4	1
8	7	""	1	1	2	""	5	4	5	5	6	4	4	4	6	4	4	6	5	4	4	5	5	5	5	5	5	5	5	4	4	4	4	4	4	2	2	2	2	2	2	2	2	2	2	2	2	2	2	2	5	59	"1"	8	""	1	3	""	6	0	1	0	"int"	2	4	1	1	1	4	1
9	7	""	1	1	2	""	4	4	4	5	3	3	3	4	3	3	3	3	3	3	3	3	4	3	4	4	4	4	4	3	3	4	4	3	4	2	2	2	2	2	2	2	2	4	4	4	4	4	2	2	4	55	"2"	8	""	1	3	""	2	0	20	0	"int"	3.33333333333333	3.4	20	3	2	3	1
10	7	""	1	21	1	""	5	5	4	4	3	4	4	5	5	3	3	3	4	5	5	5	5	5	5	4	5	5	5	4	4	3	4	3	4	2	2	2	2	1	1	2	2	2	2	4	3	2	1	2	5	25	"1"	11	""	1	5	""	4	3	3	4	"int"	2.33333333333333	3.6	7	3	2	5	1
11	7	""	1	4	1	""	5	5	4	5	5	4	5	4	6	6	1	6	6	4	5	5	5	5	5	5	5	5	5	3	3	3	4	4	4	4	4	3	4	4	3	4	3	4	4	4	3	4	4	3	4	25	"1"	11	""	2	5	""	4	0	0	0	"int"	3.66666666666667	3.4	0	1	1	5	1
12	7	""	5	17	6	""	5	5	5	5	5	4	4	4	5	3	2	4	4	2	2	3	4	4	3	4	4	3	3	4	3	3	3	3	3	2	2	2	3	4	3	3	4	3	4	4	4	5	5	4	4	18	"2"	1	""	2	2	""	4	2	1	1	"swe"	4.33333333333333	3.2	2	2	2	2	5
13	7	""	3	4	1	""	5	5	5	5	5	4	5	5	5	5	5	3	3	4	5	3	5	5	5	5	5	5	5	4	4	4	4	4	4	3	3	3	3	3	3	3	3	3	3	3	3	3	3	3	4	27	"2"	1	""	6	8	"See"	5	1	1	0	"swe"	3	4	1	1	1	5	3
14	7	""	5	30000	7	"Bor I Stockholm"	4	2	4	4	3	2	4	1	2	2	2	4	5	4	2	3	4	5	5	5	5	5	5	3	5	3	4	4	4	2	1	2	3	3	2	4	4	4	4	5	5	4	1	2	5	18	"2"	1	""	2	3	""	2	0	2	0	"swe"	3.5	3.8	2	2	2	2	5
15	7	""	5	21	6	""	5	4	4	4	3	2	4	4	3	2	1	3	2	4	5	3	5	4	5	5	5	5	5	3	3	4	4	4	3	2	1	1	1	2	2	1	1	1	1	4	1	1	1	1	5	19	"2"	1	""	5	3	""	2	0	4	0	"swe"	1.5	3.6	4	3	2	5	5
16	7	""	1	1	1	""	5	3	5	5	6	5	5	5	6	4	5	6	5	5	5	6	5	5	6	6	5	5	5	4	5	4	3	4	4	2	2	3	2	3	2	1	1	2	3	4	4	2	2	2	5	18	"1"	6	""	5	3	""	5	0	1	0	"int"	2.83333333333333	4	1	1	1	5	1
17	7	""	1	6	1	""	5	4	5	5	5	5	5	5	5	3	4	3	3	4	5	5	5	5	4	5	4	4	5	4	3	2	2	2	3	2	2	2	2	2	2	2	2	2	2	5	2	2	2	1	5	63	"1"	11	""	3	6	""	1	0	1	0	"int"	2.33333333333333	2.6	1	1	1	5	1
18	7	""	1	5	7	"Vacation"	5	5	6	5	6	5	5	5	5	6	6	6	6	4	5	6	5	5	5	5	5	5	5	4	4	3	4	4	4	1	1	1	1	1	1	1	1	1	4	4	3	2	1	1	5	63	"2"	11	""	2	6	""	2	0	1	0	"int"	2.5	3.8	1	1	1	5	1
19	7	""	1	5	1	""	5	5	6	6	2	6	6	6	5	3	3	3	3	4	5	3	5	4	4	4	5	5	5	3	3	3	3	4	4	1	1	2	2	1	1	4	2	2	4	4	2	2	1	2	5	26	"2"	11	""	4	6	""	1	3	1	0	"int"	2.5	3.2	1	1	1	5	1
20	7	""	1	5	1	""	4	3	4	4	4	5	5	5	5	6	4	6	6	4	4	4	4	5	4	4	5	5	5	4	4	2	2	2	4	2	2	2	2	2	2	2	2	2	2	2	2	2	2	2	5	28	"1"	11	""	4	6	""	1	0	1	0	"int"	2	2.8	1	1	1	4	1
21	7	""	1	1	2	""	3	5	3	4	3	4	3	4	3	3	3	3	3	4	5	5	5	5	5	5	5	5	5	4	4	4	3	3	4	3	2	2	2	2	2	4	3	3	4	4	3	3	2	4	4	53	"2"	8	""	4	2	""	2	0	2	0	"int"	3.33333333333333	3.6	2	2	2	5	1
22	7	""	1	1	2	""	4	4	4	4	3	4	4	4	3	3	3	4	3	3	4	4	4	4	4	4	4	4	4	4	4	4	4	4	4	2	2	2	2	2	2	3	2	2	2	4	2	2	2	4	5	56	"1"	8	""	8	4	""	3	2	3	1	"int"	2.66666666666667	4	4	3	2	4	1
23	7	""	4	6	1	""	4	4	4	4	4	5	5	5	5	5	3	4	5	5	5	5	5	5	5	5	5	5	5	5	5	4	3	5	5	1	1	1	1	1	1	2	1	1	5	5	5	5	5	2	5	20	"1"	12	""	2	3	""	3	0	1	0	"int"	4.5	4.4	1	1	1	5	4
24	7	""	1	4	7	"Skandinavische Hauptstaedte"	5	5	4	5	6	5	5	5	6	6	6	6	6	3	4	6	5	5	5	5	5	5	5	5	5	5	5	3	3	1	1	1	4	4	4	4	3	3	2	4	4	3	2	4	5	50	"2"	10	""	3	6	""	10	3	3	0	"int"	3.16666666666667	4.6	3	2	2	4	1
25	7	""	1	3	1	""	1	1	2	3	3	4	6	5	6	6	5	5	5	4	3	6	3	3	6	6	5	4	5	3	3	4	4	3	4	3	4	4	2	5	1	3	4	5	2	2	1	1	3	3	4	18	"1"	10	""	5	2	""	25	0	1	0	"int"	2	3.4	1	1	1	3	1
26	7	""	1	3	2	""	4	4	4	4	6	2	6	3	6	4	6	6	6	1	3	6	1	2	3	3	3	3	3	4	4	1	3	3	3	4	2	2	4	2	4	2	4	4	2	2	3	2	2	2	4	47	"1"	10	""	5	6	""	20	4	1	2	"int"	2.16666666666667	3	3	2	2	3	1
27	7	""	5	1	2	""	5	5	5	4	3	5	5	5	4	5	5	5	4	4	5	5	5	4	5	5	5	5	5	5	5	4	4	4	5	1	1	1	1	1	1	1	1	1	5	2	2	2	2	2	5	22	"2"	3	""	4	3	""	1	0	2	0	"int"	2.5	4.4	2	2	2	5	5
28	7	""	3	2	1	""	4	4	4	3	4	4	4	3	3	2	3	3	4	2	3	3	4	3	4	4	2	2	2	4	2	3	4	2	4	4	3	4	2	3	4	3	3	2	2	3	2	2	3	2	4	51	"2"	3	""	6	6	""	2	1	0	1	"int"	2.33333333333333	3	1	1	1	3	3
29	7	""	2	3	2	""	4	5	5	6	6	5	5	2	5	5	2	4	4	2	4	4	5	4	4	5	5	4	5	4	4	3	4	4	4	2	2	2	3	4	3	3	4	3	4	4	4	3	3	4	4	39	"1"	12	"Taiwan's"	2	6	""	12	11	2	1	"int"	3.66666666666667	3.8	3	2	2	4	2
30	7	""	5	2	6	""	5	4	4	5	3	6	5	4	3	4	2	3	4	4	4	3	5	5	5	5	4	4	4	4	4	2	3	2	3	2	2	1	1	1	1	2	2	2	4	2	2	2	2	2	5	33	"1"	4	""	1	6	""	2	0	0	2	"int"	2.33333333333333	3	2	2	2	4	5
31	7	""	5	5	1	""	5	5	5	5	5	4	4	5	5	5	4	4	5	3	5	2	5	4	4	5	4	4	4	4	4	4	4	4	5	2	2	2	2	4	2	4	4	4	4	4	2	2	2	2	5	46	"2"	1	""	5	5	""	4	0	1	0	"swe"	2.66666666666667	4	1	1	1	5	5
32	7	""	3	4	1	""	5	5	5	5	5	5	6	4	4	4	6	5	4	1	5	1	5	5	5	5	5	5	5	5	5	4	4	5	5	1	1	1	1	1	1	1	1	1	1	4	1	1	1	1	4	47	"1"	1	""	5	4	""	1	1	0	0	"swe"	1.5	4.6	0	1	1	5	3
33	7	""	5	1	7	""	5	5	5	5	3	4	4	2	4	3	5	3	5	2	2	1	5	5	5	5	4	3	4	1	1	1	4	1	1	1	1	1	1	1	2	1	1	1	5	5	5	5	5	5	3	62	"2"	1	""	4	3	""	5	0	3	0	"swe"	5	1.6	3	2	2	2	5
34	7	""	2	4	1	""	5	5	6	5	4	5	5	5	5	6	4	6	4	3	4	6	5	5	6	5	5	5	5	4	4	5	4	3	4	1	1	1	1	1	1	1	1	1	4	5	3	4	2	2	5	27	"2"	10	""	2	5	""	2	1	2	0	"int"	3.33333333333333	4	2	2	2	4	2
35	7	""	1	1	1	""	5	4	4	4	3	5	5	5	4	4	4	4	4	4	5	4	4	4	4	4	5	4	5	5	4	3	4	3	4	2	1	2	2	2	2	2	2	2	5	5	4	4	3	2	5	62	"1"	8	""	4	6	""	4	0	1	0	"int"	3.83333333333333	3.8	1	1	1	5	1
36	7	""	5	1	2	""	5	5	5	5	5	5	5	5	4	4	2	4	5	4	5	5	5	5	5	5	5	5	5	4	4	4	3	3	4	1	1	1	1	1	1	2	2	1	4	4	2	2	2	2	5	22	"2"	1	""	6	3	""	4	4	1	0	"swe"	2.66666666666667	3.6	1	1	1	5	5
37	6	""	5	2	3	""	5	5	5	5	5	5	5	5	5	5	4	5	5	4	4	4	4	4	4	5	5	5	4	5	5	5	4	4	4	2	1	1	2	2	2	4	2	2	5	5	4	4	4	4	5	19	"1"	1	""	5	3	""	6	0	2	0	"swe"	4.33333333333333	4.6	2	2	2	4	5
38	7	""	5	1	6	""	5	5	5	5	4	5	5	5	5	4	4	5	5	4	4	4	4	3	4	5	4	4	4	4	4	3	3	3	4	2	2	1	2	2	2	3	2	2	5	5	5	2	2	2	5	33	"1"	1	""	4	5	""	6	12	2	0	"swe"	3.5	3.4	2	2	2	4	5
39	7	""	5	5	1	""	5	5	4	5	4	5	6	5	5	3	4	5	5	4	4	4	4	3	3	4	3	3	5	5	5	4	4	4	4	4	3	2	3	4	2	2	3	3	4	4	4	4	4	4	5	42	"2"	1	""	6	5	""	5	0	1	0	"swe"	4	4.4	1	1	1	4	5
40	7	""	5	1	4	""	5	5	5	5	3	5	5	5	4	4	3	4	4	4	4	4	4	4	4	5	4	4	5	5	4	4	5	5	4	2	2	1	2	2	4	2	2	2	5	5	5	4	4	4	5	71	"1"	1	""	4	3	""	7	0	1	0	"swe"	4.5	4.6	1	1	1	4	5
42	7	""	5	1	2	""	5	5	3	5	2	4	2	4	4	3	2	3	4	2	3	4	5	4	4	4	5	4	5	4	5	3	4	3	2	2	1	1	2	3	1	4	1	1	2	2	2	2	2	1	5	21	"1"	1	""	8	5	""	12	0	1	0	"swe"	1.83333333333333	3.8	1	1	1	3	5
43	7	""	3	7	6	""	5	5	5	5	5	5	5	5	5	4	5	4	5	4	4	4	4	5	5	5	5	5	4	5	5	5	5	5	5	1	1	1	1	2	1	2	2	2	2	2	2	2	1	2	4	56	"1"	1	""	7	3	""	10	40	2	1	"swe"	1.83333333333333	5	3	2	2	4	3
44	1	""	5	2	4	""	5	5	5	5	4	4	4	5	5	3	3	4	5	5	5	3	5	5	5	5	5	5	5	3	2	2	4	3	2	1	1	1	1	1	1	2	1	2	1	2	1	2	1	2	5	23	"2"	1	""	4	4	""	10	0	3	0	"swe"	1.5	2.8	3	2	2	5	5
45	1	""	5	7	4	""	5	5	5	5	5	5	5	5	5	5	6	5	5	5	5	3	5	5	5	5	5	5	5	3	3	3	3	3	3	4	1	4	1	1	1	1	1	1	4	4	4	4	1	1	5	46	"1"	1	""	2	3	""	2	0	1	0	"swe"	3	3	1	1	1	5	5
46	7	""	5	1	4	""	5	5	5	5	6	5	5	2	5	5	6	5	5	2	2	2	5	5	5	5	5	5	5	1	4	1	2	4	5	1	1	1	4	1	1	1	1	1	1	5	5	1	1	1	5	75	"1"	1	""	2	2	""	10	0	4	0	"swe"	2.33333333333333	2.4	4	3	2	2	5
47	1	""	5	5	4	""	5	5	5	5	4	5	5	3	4	5	1	6	5	4	4	1	5	5	2	5	5	5	3	1	1	1	1	1	2	2	2	3	3	2	2	3	3	3	3	3	4	1	5	5	3	43	"2"	2	""	3	3	""	3	8	3	3	"int"	3.5	1	6	3	2	4	5
48	11	"Amal"	3	1	3	""	5	5	5	5	6	5	5	5	5	6	6	6	5	5	5	6	5	5	6	6	5	5	5	2	1	2	2	2	2	2	1	2	1	1	1	1	1	1	2	2	1	1	1	1	4	49	"1"	1	""	8	6	""	6	4	1	4	"swe"	1.33333333333333	1.8	5	3	2	5	3
49	11	"Angelholm"	5	1	4	""	5	5	5	5	6	5	5	5	2	6	6	6	5	5	6	6	5	1	5	5	5	5	5	1	4	1	4	4	4	1	1	1	1	2	2	4	1	1	1	4	1	1	1	1	5	36	"2"	1	""	2	5	""	10	10	1	5	"swe"	1.5	2.8	6	3	2	NA	5
50	11	"Mellerud"	5	1	7	"Mellanlandning"	5	5	5	5	6	5	5	2	6	3	6	4	5	4	3	3	5	3	5	5	5	5	5	1	2	1	2	4	1	2	1	1	3	4	1	4	4	4	2	2	2	2	2	4	5	70	"2"	1	""	6	5	""	50	100	12	0	"swe"	2.33333333333333	2	12	3	2	3	5
51	11	"Arvika"	2	12	4	""	4	4	4	4	3	4	4	4	3	3	4	4	4	5	4	3	4	4	4	4	4	4	4	2	4	3	4	3	4	2	2	2	2	2	2	2	2	2	2	2	2	2	2	2	5	47	"2"	6	""	6	3	""	1	0	0	0	"int"	2	3.2	0	1	1	4	2
52	1	""	5	1	3	""	5	5	5	5	6	5	6	4	6	6	6	2	5	5	5	6	5	5	5	5	5	5	5	1	1	5	5	5	1	1	1	1	1	1	1	1	1	1	1	1	1	1	1	1	5	62	"1"	1	""	8	7	""	20	20	1	2	"swe"	1	3.4	3	2	2	5	5
53	11	"Falkenberg"	3	1	7	"Tagbyte"	3	5	3	5	3	5	6	5	6	6	6	6	5	5	5	2	5	5	5	5	5	5	5	4	4	4	5	5	2	1	1	1	2	4	2	1	2	1	4	4	2	1	1	1	5	70	"1"	1	""	4	5	""	2	0	1	0	"swe"	2.16666666666667	4.4	1	1	1	5	3
54	1	""	3	7	7	"Sailing"	3	6	6	4	6	5	4	4	6	4	1	6	4	4	5	6	5	5	6	5	5	5	5	1	1	1	1	1	1	1	1	1	1	1	1	1	1	1	1	4	4	1	1	1	4	67	"1"	9	""	8	6	""	20	0	2	0	"int"	2	1	2	2	2	5	3
55	11	"Grundsund"	5	2	7	"Hem traffa me vannina"	3	1	3	1	3	3	3	3	3	3	1	3	3	1	3	1	4	4	4	5	4	4	4	5	5	5	5	1	5	1	1	1	1	4	2	4	1	2	2	2	4	5	2	5	5	36	"2"	1	""	3	6	""	15	1	0	0	"swe"	3.33333333333333	4.2	0	1	1	3	5
56	1	""	5	1	2	""	1	1	1	1	1	1	1	1	1	1	1	1	1	1	1	1	1	1	1	1	1	1	1	1	2	2	1	1	1	1	1	1	1	1	1	1	1	1	1	1	1	1	1	1	1	18	"2"	1	""	4	3	""	60	0	0	0	"swe"	1	1.4	0	1	1	1	5
57	1	""	5	2	2	""	3	5	4	5	3	4	5	5	3	2	2	3	3	4	4	2	5	4	4	3	3	2	4	2	3	2	4	4	4	2	2	2	2	3	3	2	4	2	4	4	3	2	3	1	5	18	"2"	1	""	5	3	""	62	0	3	0	"swe"	2.83333333333333	3	3	2	2	4	5
58	1	""	2	6	4	""	6	6	5	6	6	5	5	5	5	6	6	6	6	5	3	3	3	5	6	2	5	6	4	1	1	1	1	1	1	1	1	2	4	2	1	4	1	1	1	4	4	1	1	1	3	44	"1"	2	""	3	3	""	1	0	1	0	"int"	2	1	1	1	1	3	2
59	1	""	5	1	2	""	5	5	5	5	5	5	5	4	5	5	4	6	5	4	5	6	5	5	5	3	5	6	5	4	5	2	2	2	5	1	1	4	1	1	1	1	1	1	5	5	5	5	2	2	5	21	"2"	1	""	6	3	""	5	0	1	0	"swe"	4	3	1	1	1	5	5
60	11	"Varberg"	5	1	2	""	5	5	5	5	3	4	5	5	5	5	3	6	5	5	5	3	5	5	5	5	5	5	5	1	1	5	5	1	1	1	1	1	1	1	1	1	1	1	1	2	1	1	1	1	5	71	"2"	1	""	4	5	""	20	16	2	0	"swe"	1.16666666666667	2.6	2	2	2	5	5
61	1	""	5	1	4	""	6	5	5	5	6	5	5	3	2	6	5	6	5	5	3	6	5	5	5	5	5	5	5	1	1	4	4	4	4	1	1	1	1	1	1	1	1	1	4	4	3	1	1	2	4	26	"1"	1	""	5	3	""	10	0	2	0	"swe"	2.5	2.8	2	2	2	3	5
62	1	""	5	2	4	""	3	5	4	5	3	4	4	5	3	3	3	3	5	5	3	3	5	5	5	5	5	5	5	3	1	1	1	1	4	1	1	1	1	2	1	1	1	1	2	4	2	2	2	2	5	50	"2"	1	""	4	3	""	5	0	1	0	"swe"	2.33333333333333	1.4	1	1	1	3	5
63	1	""	3	210	7	"Study"	3	4	5	5	3	5	5	4	5	3	3	6	5	5	5	6	5	5	5	5	5	5	5	1	1	1	2	1	1	1	1	1	1	1	1	1	1	1	4	4	2	2	2	1	5	20	"1"	6	""	4	3	""	12	0	4	0	"int"	2.5	1.2	4	3	2	5	3
64	1	""	3	1	3	""	6	5	6	5	5	5	5	5	5	6	6	6	6	6	4	6	5	5	5	5	5	6	5	1	1	1	1	1	1	1	1	1	1	1	1	1	1	1	1	1	1	1	1	1	5	36	"2"	7	""	3	5	""	3	2	2	0	"int"	1	1	2	2	2	4	3
65	7	""	4	3	1	""	5	5	5	5	4	4	5	4	4	4	2	4	4	4	5	4	4	4	4	5	4	5	5	5	5	4	4	5	4	2	2	1	2	2	2	4	4	2	5	5	4	5	4	4	5	74	"2"	1	""	4	2	""	6	0	1	0	"swe"	4.5	4.6	1	1	1	5	4
66	7	""	5	4	4	""	5	5	5	5	4	5	5	4	4	5	3	4	4	4	4	4	5	5	5	5	5	5	5	4	3	3	3	3	3	5	5	5	4	2	2	2	2	2	4	4	4	2	2	2	5	70	"1"	1	""	5	3	""	10	0	3	0	"swe"	3	3.2	3	2	2	4	5
67	7	""	5	11	4	""	5	3	4	4	3	5	4	2	1	5	5	4	5	5	5	4	5	5	5	4	5	5	5	1	1	1	1	1	1	1	1	1	1	1	1	1	1	1	1	1	1	1	1	4	4	80	"2"	1	""	3	4	""	1	0	3	0	"swe"	1.5	1	3	2	2	5	5
68	7	""	5	5	1	""	5	5	5	5	5	4	5	5	5	4	4	5	5	4	5	4	5	2	5	5	5	5	5	5	5	5	5	5	5	2	5	1	2	5	2	2	2	2	4	5	5	4	4	4	5	20	"2"	1	""	7	3	""	3	0	3	0	"swe"	4.33333333333333	5	3	2	2	5	5
69	7	""	1	3	1	""	5	5	5	5	5	5	5	4	6	4	6	6	5	5	5	6	5	5	6	6	5	5	5	2	4	3	2	2	4	2	3	3	2	2	2	2	4	2	2	4	2	2	2	2	5	38	"2"	12	"Austria"	7	6	""	2	2	2	0	"int"	2.33333333333333	2.6	2	2	2	5	1
70	7	""	4	1	1	""	5	5	3	4	3	3	5	2	3	3	1	3	5	2	4	3	5	4	4	5	5	3	3	1	1	1	4	1	3	3	1	1	1	1	1	1	1	1	4	4	1	1	1	1	4	35	"2"	1	""	5	3	""	2	1	1	0	"swe"	2	1.6	1	1	1	4	4
71	7	""	5	3	4	""	5	5	5	5	5	5	5	4	4	3	3	5	5	5	5	4	5	5	5	5	5	5	5	4	4	4	4	4	4	1	1	1	1	1	1	1	1	1	4	4	4	4	3	3	5	29	"1"	1	""	4	5	""	10	4	2	0	"swe"	3.66666666666667	4	2	2	2	5	5
72	7	""	4	4	1	""	4	4	4	4	4	4	4	4	4	4	4	6	6	4	4	6	4	4	4	4	4	4	4	4	4	4	4	4	4	2	2	2	2	2	2	4	2	2	4	4	4	4	4	4	5	70	"1"	10	""	8	5	""	4	6	3	1	"int"	4	4	4	3	2	4	4
73	7	""	1	4	1	""	4	4	4	4	4	4	4	4	4	4	4	4	4	4	4	4	4	4	4	4	4	4	4	4	4	4	4	4	4	2	2	2	2	2	2	2	2	2	2	2	2	2	2	2	5	65	"2"	10	""	8	4	""	2	3	2	0	"int"	2	4	2	2	2	4	1
74	7	""	5	3	1	""	3	5	5	5	6	5	5	4	5	5	6	6	5	4	4	6	5	5	5	5	5	5	5	2	2	1	2	2	2	1	1	1	2	2	2	3	2	1	3	1	3	2	1	2	4	46	"2"	1	""	8	5	""	4	0	1	0	"swe"	2	1.8	1	1	1	4	5
75	7	""	5	1	2	""	5	5	5	5	5	5	5	4	5	4	4	5	4	5	5	4	5	5	5	5	5	5	5	5	4	4	4	4	5	1	1	1	1	1	1	2	1	2	4	4	4	4	3	3	5	26	"2"	1	""	5	5	""	8	4	1	0	"swe"	3.66666666666667	4.2	1	1	1	5	5
76	7	""	1	2	1	""	5	5	5	5	5	5	5	5	5	5	4	3	5	2	4	3	5	5	5	5	5	5	5	2	2	2	2	2	2	1	1	1	1	1	2	1	1	1	4	4	4	4	4	4	4	29	"2"	1	""	6	3	""	2	0	0	0	"swe"	4	2	0	1	1	4	1
77	7	""	1	3	4	""	4	4	4	5	6	5	5	5	4	5	4	6	4	4	4	4	4	4	4	4	4	4	4	4	4	4	4	4	4	3	3	2	2	3	2	3	3	2	4	4	4	4	3	4	4	28	"2"	12	"Poland"	3	6	""	2	4	3	2	"int"	3.83333333333333	4	5	3	2	4	1
78	7	""	1	3	4	""	5	6	4	4	6	5	5	5	5	6	6	6	6	3	4	6	4	4	4	4	4	4	4	4	4	4	3	3	4	2	2	2	2	3	2	3	3	2	4	4	4	4	2	2	4	28	"2"	12	"Poland"	4	6	""	2	0	3	20	"int"	3.33333333333333	3.6	23	3	2	4	1
79	7	""	1	4	1	""	5	6	4	4	5	4	4	4	4	6	2	6	4	4	5	4	4	4	4	4	4	4	4	4	4	3	3	3	2	2	2	2	2	2	2	2	4	3	2	3	2	2	2	2	5	25	NA	11	""	5	5	""	3	0	3	0	"int"	2.16666666666667	3.4	3	2	2	5	1
80	7	""	1	3	1	""	4	3	3	5	5	5	4	4	4	3	2	3	2	3	5	3	4	4	4	4	4	4	4	2	3	3	3	3	3	2	2	2	2	2	2	2	2	2	4	4	3	3	3	3	4	25	"2"	11	""	4	5	""	4	0	1	0	"int"	3.33333333333333	2.8	1	1	1	5	1
81	7	""	5	3	2	""	5	5	5	5	5	5	5	5	5	5	5	5	5	5	5	5	5	5	5	5	5	5	5	5	5	5	5	5	5	1	1	1	1	1	1	1	1	1	1	1	1	1	1	1	2	56	"1"	1	""	3	5	""	10	12	3	0	"swe"	1	5	3	2	2	5	5
82	7	""	5	1	2	""	2	2	4	5	5	6	6	6	6	5	6	4	5	6	5	3	6	3	2	1	5	3	3	2	2	4	5	2	2	2	4	5	1	4	2	2	5	4	3	3	3	3	3	3	4	40	"2"	1	""	5	5	""	5	2	2	0	"swe"	3	3	2	2	2	5	5
83	7	""	1	6	1	""	4	4	4	4	3	4	3	4	3	3	3	3	3	4	4	4	4	4	3	4	4	3	2	3	3	3	4	4	4	2	2	2	2	2	3	3	2	3	3	3	3	3	3	3	3	50	"2"	4	""	8	3	""	1	11	2	0	"int"	3	3.4	2	2	2	4	1
84	7	""	3	21	3	""	4	4	4	4	6	4	4	4	4	4	4	6	4	4	4	6	4	4	4	4	4	4	4	2	2	2	2	2	2	2	2	2	2	2	2	2	2	2	2	4	2	2	2	2	5	55	"1"	4	""	8	6	""	50	200	10	10	"int"	2.33333333333333	2	20	3	2	4	3
85	11	"Orebro"	5	2	7	"Noje"	3	3	3	3	3	3	3	3	3	3	3	3	3	3	3	3	5	5	5	5	5	5	5	3	3	3	3	3	3	3	3	3	3	3	3	3	3	3	3	3	3	3	3	3	5	46	"1"	1	""	3	3	""	100	4	4	2	"swe"	3	3	6	3	2	3	5
86	7	""	1	1	2	""	5	5	4	5	4	5	4	4	5	4	5	3	5	4	4	4	5	5	3	5	3	3	4	4	4	4	5	4	4	1	3	1	3	4	1	4	2	3	4	4	4	4	1	4	4	50	"2"	1	""	3	5	""	3	5	1	0	"swe"	3.5	4.2	1	1	1	4	1
87	1	""	3	1	2	""	5	6	6	5	5	5	5	5	5	6	6	6	2	1	1	1	5	5	5	5	5	6	5	4	1	1	1	1	1	1	1	1	1	2	1	1	1	2	3	1	1	4	2	4	2	60	"1"	1	""	7	5	""	10	0	0	0	"swe"	2.5	1.6	0	1	1	1	3
88	1	""	2	3	1	""	5	5	5	5	5	5	5	5	5	6	6	5	5	5	5	5	5	5	5	5	5	5	5	1	2	5	5	5	5	1	1	2	1	1	1	1	2	2	1	1	1	1	1	1	5	30	"1"	7	""	3	6	""	2	0	2	0	"int"	1	3.6	2	2	2	5	2
89	1	""	2	3	4	""	5	5	6	5	6	5	5	5	6	6	5	6	5	5	5	6	5	5	4	5	5	6	5	1	1	1	5	1	5	1	1	1	5	5	1	4	1	1	1	1	1	1	1	1	5	65	"2"	1	""	4	3	""	1	2	0	0	"swe"	1	1.8	0	1	1	5	2
90	11	"Ljungskile"	2	1	7	"Bussbyte"	5	6	5	5	6	5	5	5	6	6	6	6	6	4	5	4	5	5	5	5	5	5	5	4	4	1	2	1	5	1	1	1	2	4	1	1	4	4	1	4	4	4	1	5	5	43	"2"	8	""	3	5	""	6	0	3	0	"int"	3.16666666666667	2.4	3	2	2	5	2
91	7	""	1	10	1	""	4	6	6	4	6	6	4	5	6	6	6	6	6	5	4	6	4	4	4	6	4	4	4	3	3	3	4	4	4	1	1	1	3	1	1	3	3	3	2	3	3	2	1	2	5	51	"1"	8	""	8	5	""	5	0	1	0	"int"	2.16666666666667	3.4	1	1	1	4	1
92	7	""	1	3	1	""	3	4	3	5	6	4	4	4	6	6	4	6	6	5	4	6	5	4	4	5	5	3	4	4	4	5	3	3	3	2	2	1	2	2	2	2	4	3	4	4	4	5	4	4	4	18	"2"	8	""	1	3	""	2	0	2	0	"int"	4.16666666666667	3.8	2	2	2	4	1
93	1	""	5	1	4	""	5	5	4	5	5	2	2	2	4	3	1	5	5	2	3	3	5	5	4	4	5	5	5	1	2	4	4	4	3	2	3	3	1	2	2	3	4	3	2	4	2	2	1	4	4	27	"2"	1	""	6	5	""	30	0	1	0	"swe"	2.5	3	1	1	1	3	5
94	1	""	3	2	2	""	2	1	3	5	1	1	1	1	1	5	6	1	1	1	1	1	1	3	5	1	6	5	1	1	1	1	5	1	5	5	5	1	1	1	1	1	1	1	5	1	1	1	1	1	5	23	"1"	1	""	5	8	""	200	0	0	0	"swe"	1.66666666666667	1.8	0	1	1	1	3
95	7	""	5	4	4	""	5	5	5	5	5	4	4	4	4	3	3	3	3	5	5	4	5	5	5	5	5	5	5	3	3	3	3	3	3	4	4	1	1	1	2	2	2	3	4	4	4	3	3	2	5	62	"1"	1	""	6	3	""	5	5	5	0	"swe"	3.33333333333333	3	5	3	2	5	5
96	7	""	5	4	1	""	5	5	5	5	6	5	4	4	4	3	3	6	5	4	4	4	5	5	5	4	4	4	4	3	3	4	4	4	4	2	2	2	2	2	2	2	2	2	4	4	4	4	5	4	4	52	"2"	1	""	6	5	""	6	3	0	2	"swe"	4.16666666666667	3.6	2	2	2	4	5
97	1	""	5	1	6	""	5	5	6	5	6	3	3	4	3	6	6	6	5	3	4	2	5	5	3	5	5	5	5	4	5	3	3	5	5	1	1	1	2	4	1	1	3	1	2	4	2	4	2	2	5	39	"2"	1	""	4	5	""	25	5	1	2	"swe"	2.66666666666667	4	3	2	2	4	5
98	1	""	5	2	1	""	5	5	5	5	5	4	4	2	2	3	3	3	5	4	4	3	4	5	5	5	3	5	3	3	4	5	4	2	3	1	1	1	1	2	2	1	3	1	1	1	1	1	1	1	5	47	"1"	1	""	6	3	""	10	5	0	0	"swe"	1	3.6	0	1	1	4	5
99	7	""	1	3	1	""	5	5	5	5	5	5	5	5	5	5	5	5	5	5	5	5	5	4	4	5	5	4	4	3	3	3	3	3	3	1	2	1	2	2	2	2	2	2	4	4	2	2	1	1	5	55	"2"	7	""	5	5	""	6	0	1	0	"int"	2.33333333333333	3	1	1	1	5	1
100	7	""	2	2	1	""	5	5	5	5	3	5	5	5	5	4	4	5	5	5	5	5	5	5	5	5	5	5	5	4	4	4	4	4	5	1	1	1	1	1	1	1	2	2	4	4	2	2	2	2	5	67	"1"	7	""	5	5	""	0	0	10	10	"int"	2.66666666666667	4	20	3	2	5	2
101	1	""	5	2	7	"Konsert"	5	5	5	5	5	5	3	2	4	3	3	6	3	1	2	4	5	5	5	5	5	5	5	4	5	4	5	5	1	1	1	1	1	1	1	1	1	1	2	5	5	5	1	2	5	55	"2"	1	""	6	3	""	4	0	2	0	"swe"	3.33333333333333	4.6	2	2	2	2	5
102	11	"Ulricehamn"	5	2	7	"Konsert"	5	5	5	5	5	5	4	2	4	5	3	6	2	1	2	4	5	5	5	5	5	5	5	4	5	3	4	5	1	1	1	1	1	1	1	1	1	1	4	5	5	5	1	2	5	60	"2"	1	""	6	3	""	4	0	1	0	"swe"	3.66666666666667	4.2	1	1	1	2	5
103	7	""	1	2	3	""	4	6	6	4	6	5	5	5	6	4	4	6	4	5	5	5	4	4	4	4	4	4	4	4	4	4	4	5	4	3	2	2	3	2	3	3	3	3	2	2	2	2	2	2	4	30	"1"	10	""	4	4	""	1	2	1	0	"int"	2	4.2	1	1	1	5	1
104	11	"Road trip 3 weeks"	2	3	3	""	1	2	2	2	6	2	2	2	2	3	2	6	6	2	2	6	2	2	2	2	2	2	2	2	2	1	2	3	1	4	4	4	2	2	1	2	2	2	4	4	2	4	2	2	1	29	"2"	10	""	4	5	""	3	0	3	0	"int"	3	2	3	2	2	2	2
105	1	""	5	1	4	""	5	4	4	5	2	5	5	1	4	4	4	6	5	5	4	1	4	4	5	5	5	5	5	2	2	5	5	4	5	1	1	1	1	4	1	4	1	1	4	4	4	4	1	1	4	67	"2"	1	""	6	6	""	7	20	1	0	"swe"	3	3.6	1	1	1	4	5
106	1	""	3	1	2	""	4	5	3	5	3	3	3	5	3	5	3	6	5	4	4	3	5	5	5	5	5	5	5	2	5	5	4	5	1	1	2	1	1	1	1	1	1	1	1	1	1	1	1	1	5	49	"2"	1	""	8	5	""	3	0	0	0	"swe"	1	4.2	0	1	1	4	3
107	7	""	5	1	2	""	5	4	4	5	5	5	5	5	5	3	4	4	5	4	5	5	5	5	5	5	5	5	5	4	2	4	4	4	4	1	1	1	3	2	1	2	2	2	2	5	2	2	2	2	5	23	"2"	1	""	5	5	""	10	10	2	8	"swe"	2.5	3.6	10	3	2	5	5
108	7	""	5	1	2	""	5	5	5	5	5	5	5	5	5	4	4	5	5	5	5	4	5	5	5	5	5	5	5	5	5	4	4	4	5	1	1	2	1	1	1	2	2	2	5	5	4	4	2	2	5	24	"2"	1	""	8	5	""	8	0	2	0	"swe"	3.66666666666667	4.4	2	2	2	5	5
109	1	""	5	2	6	""	4	5	5	5	4	5	3	4	2	6	6	6	5	2	4	3	5	5	5	5	5	5	4	1	4	4	4	1	4	1	1	1	1	2	1	2	2	2	1	2	1	4	1	2	5	23	"2"	1	""	8	5	""	30	2	2	0	"swe"	1.83333333333333	2.8	2	2	2	4	5
110	1	""	5	20	1	""	5	4	4	2	2	2	4	2	4	6	6	4	4	4	2	2	4	5	5	5	5	5	5	4	4	2	4	4	5	1	1	1	4	2	4	4	4	4	4	4	2	2	2	2	5	25	"2"	1	""	5	5	""	20	5	4	0	"swe"	2.66666666666667	3.6	4	3	2	2	5
111	7	""	1	3	7	"Scout camp"	5	4	5	3	3	5	5	5	5	3	4	3	5	4	5	5	5	5	4	4	5	5	5	5	5	4	3	1	5	2	3	3	2	4	2	3	2	4	2	4	5	5	3	2	5	23	"1"	12	"Belgium"	3	6	""	40	0	10	0	"int"	3.5	3.6	10	3	2	5	1
112	7	""	1	3	7	"Scout camp"	5	4	4	5	3	5	5	5	6	6	4	6	4	4	5	5	4	5	5	5	4	5	4	5	4	3	4	5	4	2	2	2	3	2	2	3	4	2	3	4	4	4	3	3	5	25	"1"	12	"Belgium"	7	5	""	20	0	3	0	"int"	3.5	4.2	3	2	2	5	1
113	1	""	2	7	1	""	5	5	4	5	5	3	4	4	3	3	3	4	3	3	4	5	3	4	5	5	5	4	5	4	4	2	4	4	4	2	2	4	4	4	2	3	3	3	5	5	5	5	3	2	5	35	"1"	8	""	4	3	""	5	3	2	1	"int"	4.16666666666667	3.6	3	2	2	4	2
114	7	""	4	6	1	""	5	5	5	4	6	4	4	5	3	2	4	6	5	4	4	6	5	5	5	5	5	5	5	3	3	5	3	2	4	1	1	1	2	2	1	2	2	3	4	4	2	1	1	1	4	42	"1"	1	""	7	5	""	4	0	1	0	"swe"	2.16666666666667	3.2	1	1	1	4	4
115	7	""	5	1	4	""	5	5	5	5	3	4	4	1	4	1	5	3	1	1	4	1	5	5	5	5	5	5	5	5	1	4	5	5	1	1	1	1	1	1	1	2	1	1	5	5	5	5	5	2	4	72	"2"	1	""	5	3	""	10	0	1	0	"swe"	4.5	4	1	1	1	4	5
116	1	""	5	2	4	""	5	5	4	5	5	4	4	4	4	5	5	4	5	2	2	1	5	5	5	5	5	5	5	5	5	1	5	5	1	1	1	1	1	4	1	4	2	1	1	2	2	2	1	1	5	57	"2"	1	""	6	3	""	40	0	3	0	"swe"	1.5	4.2	3	2	2	2	5
117	11	"Roskilde"	3	1	7	"Bussbyte"	1	5	5	5	3	5	3	5	3	3	3	3	3	4	4	4	5	5	5	5	5	5	5	4	5	2	2	4	4	1	1	2	2	2	1	4	4	2	2	5	2	1	4	5	4	18	"1"	7	""	2	3	""	4	0	2	0	"int"	3.16666666666667	3.4	2	2	2	4	3
118	11	"Saltoloukta"	2	1	7	"Fjallvandring"	4	1	1	1	1	5	1	5	1	1	1	5	1	5	5	5	5	5	5	5	5	5	5	5	5	5	5	5	4	1	1	1	1	1	1	1	1	1	1	1	1	1	1	1	5	59	"2"	1	""	4	3	""	5	0	0	0	"swe"	1	5	0	1	1	5	2
119	11	"Saltoluokta"	2	1	7	"Fjallvandring"	5	5	5	5	5	5	5	5	5	5	5	5	5	5	5	5	5	5	5	5	5	5	5	5	5	5	5	5	5	4	5	1	4	5	2	5	4	3	4	4	4	1	1	2	5	54	"1"	1	""	4	3	""	15	3	1	1	"swe"	2.66666666666667	5	2	2	2	5	2
120	7	""	5	2	1	""	5	5	4	4	3	4	4	6	6	6	6	4	5	5	6	2	4	4	3	5	4	3	4	5	4	5	5	4	5	3	2	2	4	4	3	4	3	2	4	4	4	2	2	2	4	50	"1"	1	""	4	3	""	3	34	0	0	"swe"	3	4.6	0	1	1	NA	5
121	7	""	5	3	1	""	5	5	5	5	6	5	4	4	4	6	6	6	5	4	5	4	5	5	5	5	5	5	5	4	4	5	4	5	5	1	1	1	1	5	4	4	4	4	5	4	4	4	4	4	2	51	"2"	1	""	5	3	""	6	0	0	0	"swe"	4.16666666666667	4.4	0	1	1	5	5
123	7	""	5	1	3	""	4	4	5	5	4	4	4	2	2	2	6	2	5	3	3	3	5	4	4	5	5	5	5	4	5	5	4	4	3	2	1	1	1	2	2	2	4	2	5	4	3	3	2	4	5	48	"2"	1	""	7	3	""	6	220	1	0	"swe"	3.5	4.4	1	1	1	3	5
124	7	""	1	5	1	""	5	5	5	5	6	5	5	5	5	6	5	6	6	6	5	6	5	5	5	5	5	5	5	5	5	5	5	5	5	5	5	5	5	5	5	5	5	5	5	5	5	5	5	5	5	71	"1"	10	""	6	6	""	6	0	2	0	"int"	5	5	2	2	2	5	1
125	7	""	1	5	1	""	5	4	5	5	6	5	5	4	6	6	5	6	6	5	5	6	5	5	5	5	5	5	5	5	5	5	5	5	5	5	5	5	5	5	5	5	5	5	4	4	2	2	2	2	5	68	"2"	10	""	6	6	""	6	0	2	0	"int"	2.66666666666667	5	2	2	2	5	1
126	7	""	5	1	2	""	4	5	4	2	2	4	4	4	2	2	2	4	5	4	4	4	5	5	5	4	5	5	5	5	5	4	5	5	4	1	1	2	2	5	1	2	3	1	5	5	4	4	4	4	4	19	"2"	1	""	7	3	""	2	0	1	0	"swe"	4.33333333333333	4.8	1	1	1	4	5
127	1	""	5	2	4	""	5	5	5	5	5	5	5	4	5	3	3	3	4	2	3	2	5	4	5	5	5	4	5	3	3	2	4	4	4	4	2	2	3	4	4	3	4	4	4	4	4	3	3	4	5	23	"2"	1	""	4	3	""	15	0	1	0	"swe"	3.66666666666667	3.2	1	1	1	3	5
128	1	""	5	1	2	""	2	2	4	2	2	4	4	6	6	6	6	6	6	4	4	4	5	5	5	5	5	5	5	1	1	2	4	1	2	1	1	1	1	1	1	1	1	1	2	2	2	1	1	2	5	25	"1"	1	""	5	6	""	15	0	2	0	"swe"	1.66666666666667	1.8	2	2	2	4	5
129	1	""	5	2	4	""	6	4	4	2	1	3	6	5	6	6	6	6	3	2	3	6	5	5	2	2	4	3	4	2	3	4	1	1	1	1	2	2	3	3	1	3	3	3	2	2	2	1	1	1	5	23	"2"	1	""	5	3	""	15	0	4	0	"swe"	1.5	2.2	4	3	2	3	5
131	6	""	3	3	4	""	4	4	5	5	6	5	5	5	4	4	4	5	5	4	4	3	5	5	5	5	5	5	5	4	4	4	4	4	4	2	2	2	2	3	2	2	2	2	4	4	2	2	2	4	4	26	"2"	1	""	3	6	""	8	15	3	0	"swe"	3	4	3	2	2	4	3
132	6	""	1	0	4	""	3	3	4	4	3	3	3	3	4	3	3	3	3	4	4	4	4	4	4	4	4	4	4	4	4	4	4	4	4	2	2	2	4	4	4	4	4	4	2	4	2	2	2	4	5	69	"1"	8	""	1	5	""	4	0	7	0	"int"	2.66666666666667	4	7	3	2	4	1
133	6	""	2	0	4	""	4	4	4	5	3	4	4	4	4	3	3	3	3	4	4	2	4	4	3	4	4	4	4	5	5	5	5	5	5	4	2	2	4	4	2	4	4	4	4	4	4	4	4	4	4	59	"2"	8	""	1	5	""	4	0	7	0	"int"	4	5	7	3	2	4	2
134	6	""	1	1	2	""	4	3	4	5	3	6	6	6	6	6	3	3	5	4	6	3	5	5	5	5	5	5	5	3	3	3	3	3	3	4	2	2	4	4	2	4	2	4	3	5	3	3	3	4	5	58	"2"	11	""	1	6	""	5	0	6	0	"int"	3.5	3	6	3	2	NA	1
135	6	""	1	0	2	""	4	3	5	5	3	4	4	5	4	5	3	4	4	5	5	3	4	4	4	4	4	4	6	2	2	2	2	2	2	2	2	4	4	4	2	3	3	3	2	2	2	2	2	2	5	62	"1"	10	""	2	6	""	8	0	8	0	"int"	2	2	8	3	2	5	1
136	6	""	5	0	1	""	3	5	4	3	3	4	4	4	3	3	5	6	5	5	3	2	3	3	3	5	4	5	3	4	4	4	4	4	4	3	3	3	3	3	3	3	3	3	3	3	3	3	3	3	5	58	"2"	1	""	2	5	""	3	0	2	0	"swe"	3	4	2	2	2	3	5
137	6	""	2	1	3	""	3	3	3	5	4	5	5	2	2	2	4	5	5	3	3	1	5	5	5	5	5	5	5	2	2	2	2	2	2	2	5	5	2	2	2	4	5	4	2	5	2	2	2	5	1	46	"2"	1	""	2	5	""	20	0	5	0	"swe"	3	2	5	3	2	3	2
138	6	""	5	1	3	""	3	3	3	5	3	4	4	1	1	3	4	5	5	2	1	1	4	5	5	5	5	3	4	2	2	2	2	2	2	3	1	1	4	5	1	3	3	3	2	5	2	2	2	5	1	54	"1"	1	""	2	4	""	20	10	5	0	"swe"	3	2	5	3	2	1	5
139	6	""	2	0	2	""	5	4	4	5	3	4	4	4	3	3	3	4	4	5	5	2	4	5	5	5	5	3	4	4	5	4	4	4	4	2	2	1	4	4	2	4	3	4	4	4	2	2	2	4	5	61	"1"	11	""	1	4	""	2	0	5	0	"int"	3	4.2	5	3	2	5	2
140	6	""	1	2	2	""	4	2	4	3	3	4	4	4	4	3	4	3	3	4	5	2	3	3	1	1	4	5	5	2	2	2	2	2	2	4	5	5	4	4	4	3	3	4	4	5	4	2	2	4	5	25	"1"	10	""	6	5	""	5	0	3	0	"int"	3.5	2	3	2	2	5	1
141	6	""	1	2	1	""	5	5	5	3	3	4	4	4	3	3	4	3	3	4	5	3	5	5	1	1	4	3	4	2	2	2	2	2	2	2	5	5	5	5	2	4	3	4	4	5	4	4	2	4	5	24	"2"	10	""	6	3	""	4	0	3	0	"int"	3.83333333333333	2	3	2	2	5	1
142	6	""	1	1	2	""	4	4	4	4	6	6	4	5	6	6	6	6	4	4	6	6	4	4	4	4	6	6	4	4	4	4	4	4	3	2	2	2	2	2	2	2	2	2	4	4	4	4	4	4	4	53	"1"	10	""	2	6	""	2	0	3	0	"int"	4	4	3	2	2	NA	1
143	6	""	2	1	1	""	5	5	5	5	3	5	5	5	5	3	4	5	5	5	5	5	5	5	5	5	5	5	5	3	3	3	3	3	3	2	2	2	2	2	2	2	2	2	4	4	4	4	4	4	5	18	"1"	10	""	6	2	""	2	0	2	0	"int"	4	3	2	2	2	5	2
144	6	""	1	1	2	""	4	2	5	4	3	4	4	4	3	3	5	3	3	5	5	5	4	4	5	5	5	4	5	4	4	3	3	3	4	2	2	2	4	4	2	4	3	2	2	2	4	2	2	4	4	20	"2"	10	""	4	5	""	2	0	1	0	"int"	2.66666666666667	3.4	1	1	1	5	1
145	6	""	2	1	2	""	5	4	5	5	3	5	5	5	4	3	4	3	3	5	5	5	5	5	5	5	5	5	5	4	2	2	2	2	2	2	2	2	4	2	2	4	2	2	4	4	4	2	2	4	5	47	"2"	10	""	6	5	""	4	0	2	0	"int"	3.33333333333333	2.4	2	2	2	5	2
146	6	""	5	1	4	""	4	4	5	5	4	5	5	5	4	3	2	3	3	2	4	2	5	4	5	2	5	5	5	4	4	4	4	1	3	2	2	4	2	2	2	2	2	2	4	4	3	3	2	2	5	25	"1"	1	""	5	6	""	20	5	3	0	"swe"	3	3.4	3	2	2	4	5
147	6	""	5	1	2	""	6	4	5	5	5	5	5	5	4	3	6	6	5	1	4	3	5	4	4	4	4	4	4	3	3	5	4	3	3	2	2	2	2	2	2	2	2	1	4	4	3	3	2	1	5	25	"2"	1	""	2	5	""	10	0	3	2	"swe"	2.83333333333333	3.6	5	3	2	4	5
148	6	""	5	1	2	""	2	5	4	5	3	3	4	5	4	3	3	4	5	2	1	1	4	5	4	5	4	4	4	5	3	3	4	4	5	2	2	1	4	5	1	3	4	3	4	4	4	2	2	4	5	24	"2"	1	""	5	5	""	5	10	3	0	"swe"	3.33333333333333	3.8	3	2	2	1	5
151	6	""	5	7	4	""	3	5	5	5	4	4	4	4	2	4	3	4	4	3	2	2	4	4	3	4	4	4	4	5	5	4	4	4	5	3	2	2	3	4	2	3	4	4	4	5	4	4	3	4	5	25	"2"	1	""	4	5	""	10	0	3	0	"swe"	4	4.4	3	2	2	2	5
153	6	""	5	1	2	""	6	5	4	5	5	4	4	3	4	6	2	6	6	2	4	6	5	5	6	6	5	5	5	3	2	2	2	3	3	1	1	1	2	2	2	4	1	2	2	4	2	2	2	2	5	25	"1"	1	""	2	6	""	2	0	1	1	"swe"	2.33333333333333	2.4	2	2	2	4	5
154	9	""	5	20	5	""	4	4	2	5	4	6	6	6	5	6	6	5	5	6	6	6	5	5	5	4	5	5	5	2	1	2	1	2	2	2	2	2	2	2	2	1	2	2	2	4	2	2	2	2	5	22	"1"	1	""	6	2	""	2	0	1	0	"swe"	2.33333333333333	1.6	1	1	1	NA	5
156	2	""	1	2	3	""	5	5	4	5	4	5	5	4	5	4	4	5	4	4	5	4	4	4	5	5	4	4	4	4	5	5	5	5	4	1	2	2	1	2	2	3	2	2	1	1	1	1	1	1	5	18	"2"	10	""	4	1	""	20	50	4	4	"int"	1	4.8	8	3	2	5	1
157	2	""	1	3	3	""	4	4	4	4	6	4	4	4	4	4	4	4	4	4	4	6	4	4	4	4	4	4	4	5	5	5	5	5	5	4	1	1	1	1	1	4	1	1	2	2	2	2	2	2	5	53	"1"	10	""	4	6	""	20	50	4	4	"int"	2	5	8	3	2	4	1
158	11	"Angelholm"	5	2	2	""	4	4	4	4	3	4	5	5	3	3	3	3	3	4	4	3	5	5	5	5	5	5	5	3	3	3	3	3	4	1	3	1	2	2	2	2	2	3	3	4	4	4	4	4	5	48	"2"	1	""	5	5	""	10	0	1	0	"swe"	3.83333333333333	3	1	1	1	4	5
159	2	""	2	1	2	""	4	4	4	3	3	4	4	4	3	3	3	3	3	4	4	3	4	4	4	3	3	3	3	4	4	4	4	3	4	3	2	2	2	2	2	2	2	2	3	3	3	3	3	3	4	21	"2"	1	""	4	3	""	3	0	4	0	"swe"	3	3.8	4	3	2	4	2
160	1	""	3	16	1	""	5	5	4	5	3	5	5	5	3	5	4	5	5	3	5	3	5	5	3	5	5	5	5	3	4	3	4	3	3	2	2	2	2	2	2	3	3	2	4	2	2	2	2	2	5	80	"1"	10	""	7	6	""	6	0	2	0	"int"	2.33333333333333	3.4	2	2	2	5	3
161	2	""	1	5	1	""	5	5	6	5	6	5	5	5	6	6	6	6	6	4	4	6	4	4	4	4	4	4	4	4	4	3	4	4	3	4	2	2	3	2	2	2	2	2	2	2	2	2	2	2	5	43	"2"	10	""	7	6	""	3	0	1	0	"int"	2	3.8	1	1	1	4	1
162	2	""	2	1	2	""	5	6	6	5	6	5	5	5	6	6	6	6	6	4	5	3	5	5	5	5	5	3	5	4	4	2	2	2	4	1	2	1	1	4	2	4	2	2	4	4	2	2	2	4	4	60	"2"	2	""	8	3	""	5	0	2	0	"int"	3	2.8	2	2	2	5	2
163	2	""	2	1	2	""	5	5	5	3	6	4	5	5	6	6	6	6	6	4	5	4	5	5	5	5	5	5	5	4	4	3	4	3	4	2	2	2	2	2	2	2	2	2	4	4	2	2	2	4	4	63	"1"	2	""	8	3	""	5	30	2	3	"int"	3	3.6	5	3	2	5	2
164	2	""	2	1	2	""	4	4	4	6	6	5	5	4	6	6	6	6	6	4	4	4	4	4	4	4	4	4	4	4	4	3	4	3	4	2	2	2	2	2	2	2	2	2	4	4	2	2	2	4	4	55	"2"	2	""	8	2	""	5	0	2	0	"int"	3	3.6	2	2	2	4	2
165	2	""	4	1	2	""	2	2	2	6	6	6	6	6	6	6	4	6	4	4	4	4	4	4	4	2	4	4	4	2	2	4	2	2	2	2	2	4	3	4	5	2	4	2	4	4	4	2	2	4	4	41	"2"	2	""	6	5	""	2	2	2	3	"int"	3.33333333333333	2.4	5	3	2	4	4
166	2	""	5	1	2	""	5	5	5	5	3	5	5	5	3	3	3	3	3	3	3	4	5	5	5	5	3	5	5	1	1	1	1	1	1	1	1	1	1	1	1	1	1	1	1	2	1	1	1	1	5	64	"2"	1	""	7	3	""	4	0	6	0	"swe"	1.16666666666667	1	6	3	2	3	5
167	2	""	5	1	2	""	5	5	5	5	6	5	5	5	6	3	3	3	3	3	3	4	5	5	5	5	5	5	5	1	1	1	1	1	1	1	1	1	1	1	1	1	1	1	1	2	1	1	1	1	5	65	"1"	1	""	7	3	""	5	0	6	0	"swe"	1.16666666666667	1	6	3	2	3	5
168	6	""	5	3	4	""	3	5	5	5	5	5	5	5	3	6	6	6	6	2	4	3	5	5	2	4	5	3	3	4	2	4	3	3	4	2	4	2	1	4	1	2	5	4	2	4	4	2	2	2	5	27	"2"	1	""	4	5	""	8	3	2	1	"swe"	2.66666666666667	3.2	3	2	2	4	5
169	9	""	5	90	5	""	5	5	5	5	6	5	5	4	4	2	6	2	5	5	5	5	5	5	5	5	5	5	5	2	2	2	5	2	4	4	1	1	2	1	2	2	2	1	5	5	5	4	4	5	5	84	"2"	1	""	2	6	""	5	0	0	0	"swe"	4.66666666666667	2.6	0	1	1	5	5
170	2	""	2	0	2	""	5	5	3	3	3	3	3	3	3	4	4	3	3	4	5	3	5	5	3	3	4	4	3	3	4	3	3	3	3	3	3	4	4	3	3	3	3	3	4	3	3	3	3	3	5	20	"1"	1	""	4	3	""	2	2	1	1	"swe"	3.16666666666667	3.2	2	2	2	5	2
171	9	""	5	1	2	""	5	5	5	5	4	5	5	5	5	2	3	5	5	5	5	5	5	4	5	5	5	5	5	4	4	3	5	4	4	2	1	1	1	1	1	1	1	1	4	4	4	2	2	2	4	22	"1"	1	""	8	3	""	3	0	5	0	"swe"	3	4	5	3	2	5	5
173	9	""	5	1	6	""	5	4	5	5	5	5	5	5	5	4	2	5	6	5	5	5	5	5	5	5	5	5	5	5	4	5	5	5	5	1	1	1	2	2	1	1	1	1	4	4	4	2	2	1	5	56	"1"	1	""	8	6	""	5	0	3	0	"swe"	2.83333333333333	4.8	3	2	2	5	5
174	5	""	1	0	2	""	3	3	3	3	3	3	3	3	3	3	3	3	3	3	3	3	5	5	5	5	5	5	5	2	2	2	2	2	2	1	1	1	1	4	1	1	2	2	2	2	2	2	1	2	5	49	"2"	1	""	5	5	""	2	2	2	0	"swe"	1.83333333333333	2	2	2	2	3	1
175	5	""	1	1	3	""	6	5	5	6	6	5	5	5	6	6	6	6	6	4	4	6	5	5	5	6	5	5	5	4	4	4	4	5	5	4	3	1	1	1	1	1	1	1	2	2	2	2	2	2	5	53	"1"	1	""	5	3	""	15	0	10	0	"swe"	2	4.2	10	3	2	4	1
176	5	""	5	15	1	""	4	2	2	5	2	4	4	4	3	4	1	5	5	3	2	2	4	3	6	6	5	4	5	2	2	4	1	2	4	1	1	1	4	2	1	4	4	2	1	5	5	5	4	4	5	70	"1"	1	""	7	4	""	25	0	0	0	"swe"	4	2.2	0	1	1	2	5
177	5	""	5	10	1	""	5	2	2	5	2	5	5	5	5	5	6	5	5	4	2	2	5	5	6	6	5	4	5	5	3	4	1	1	4	1	1	1	4	2	2	5	4	1	1	5	5	5	4	4	5	68	"2"	1	""	7	2	""	25	0	0	0	"swe"	4	2.8	0	1	1	2	5
178	5	""	1	3	7	"Konsert"	4	2	4	4	6	4	5	4	6	6	6	6	2	5	4	6	5	5	5	5	4	5	5	1	1	1	4	2	4	1	1	1	1	1	1	4	1	1	1	4	1	2	1	1	5	47	"2"	7	""	5	3	""	10	0	12	0	"int"	1.66666666666667	1.8	12	3	2	4	1
179	5	""	1	3	1	""	2	6	4	2	5	2	5	4	1	6	6	6	2	5	4	3	5	4	5	5	5	5	5	1	2	1	1	2	4	1	1	1	1	1	1	1	4	1	2	4	1	1	1	4	5	48	"1"	7	""	5	5	""	10	0	12	0	"int"	2.16666666666667	1.4	12	3	2	4	1
180	5	""	5	1	1	""	4	4	5	5	5	5	5	5	3	5	3	5	5	5	5	4	5	5	5	4	4	5	5	5	5	5	5	5	2	1	1	1	2	4	5	4	2	2	2	4	4	4	2	4	4	77	"2"	1	""	6	3	""	5	0	2	0	"swe"	3.33333333333333	5	2	2	2	5	5
181	5	""	5	1	2	""	4	4	4	5	6	5	5	4	6	5	6	4	5	4	5	2	5	5	5	6	4	5	4	5	5	5	5	5	4	1	1	1	2	4	4	4	2	2	2	4	4	4	2	2	2	78	"1"	1	""	6	3	""	5	0	2	0	"swe"	3	5	2	2	2	5	5
182	5	""	5	1	1	""	6	4	2	4	2	4	2	2	2	1	6	2	4	2	2	1	5	5	5	5	5	5	5	4	5	3	4	5	4	1	1	1	1	1	1	1	1	1	1	2	4	2	1	2	5	23	"1"	1	""	7	3	""	8	1	1	0	"swe"	2	4.2	1	1	1	2	5
183	5	""	5	1	1	""	2	2	4	4	4	2	4	5	1	1	3	2	4	2	2	2	5	5	4	5	5	5	5	5	5	4	5	5	2	1	1	1	1	1	1	1	4	1	4	4	4	5	4	1	5	20	"2"	1	""	7	3	""	5	3	1	0	"swe"	3.66666666666667	4.8	1	1	1	2	5
184	5	""	5	12	4	""	4	4	5	5	6	5	5	4	5	5	6	3	2	5	5	6	5	5	3	5	5	6	5	4	4	5	2	5	5	1	1	1	2	4	4	4	1	4	4	5	4	2	1	1	5	64	"2"	10	""	8	3	""	0	0	2	0	"int"	2.83333333333333	4	2	2	2	5	5
185	5	""	5	12	4	""	5	4	5	5	3	5	5	4	5	5	6	3	1	5	5	6	5	5	4	5	5	5	5	4	4	5	1	4	4	1	1	1	1	2	3	4	1	2	5	1	1	1	1	1	5	70	"1"	10	""	8	4	""	0	0	2	0	"int"	1.66666666666667	3.6	2	2	2	5	5
186	5	""	2	3	6	""	4	1	4	4	2	4	4	4	3	3	3	3	4	4	5	4	5	5	5	5	5	5	5	4	4	2	4	4	5	1	1	1	1	1	1	1	1	1	1	4	2	4	2	2	5	25	"2"	1	""	4	5	""	15	2	3	0	"swe"	2.5	3.6	3	2	2	5	2
187	5	""	2	3	6	""	2	1	5	4	4	5	4	5	6	6	6	6	4	5	5	5	5	5	5	5	5	5	5	4	3	2	1	1	4	1	1	1	2	4	1	2	4	4	1	4	1	4	1	2	5	23	"2"	1	""	8	3	""	24	4	2	0	"swe"	2.16666666666667	2.2	2	2	2	5	2
188	5	""	5	1	2	""	5	5	5	5	6	5	5	4	3	5	6	6	4	4	4	3	5	4	3	6	5	5	5	4	4	3	4	2	2	1	1	1	1	2	1	2	2	2	4	4	4	4	1	2	5	67	"1"	1	""	8	3	""	35	0	1	0	"swe"	3.16666666666667	3.4	1	1	1	4	5
189	5	""	5	1	2	""	5	5	5	5	6	5	5	4	3	5	3	6	5	5	4	3	5	5	6	6	5	5	5	4	4	4	5	4	2	1	1	1	2	2	1	2	2	2	4	4	4	4	1	2	5	65	"2"	1	""	8	5	""	35	0	2	0	"swe"	3.16666666666667	4.2	2	2	2	4	5
190	5	""	5	1	2	""	4	4	2	5	6	5	5	5	6	4	6	1	5	5	6	2	5	5	5	5	5	5	5	1	5	5	5	5	5	4	1	1	1	4	1	2	1	1	1	5	1	1	1	1	5	72	"2"	1	""	8	6	""	24	0	1	0	"swe"	1.66666666666667	4.2	1	1	1	NA	5
191	5	""	5	2	1	""	4	2	2	4	3	4	5	4	4	5	5	4	5	5	2	2	5	5	6	6	5	4	4	5	5	5	5	5	4	4	1	1	2	4	4	5	4	5	2	4	4	4	2	4	5	79	"2"	1	""	8	5	""	4	0	2	0	"swe"	3.33333333333333	5	2	2	2	2	5
192	5	""	5	1	2	""	5	5	5	5	6	4	5	5	2	5	1	5	5	4	1	1	4	5	5	5	5	5	5	5	2	1	5	5	5	1	1	4	1	5	1	1	1	1	5	5	5	5	1	1	5	71	"2"	1	""	7	3	""	24	0	2	0	"swe"	3.66666666666667	3.6	2	2	2	1	5
193	5	""	5	1	1	""	4	5	5	5	6	5	5	5	3	3	6	6	5	5	4	3	5	5	5	5	5	5	5	4	5	5	3	5	2	1	1	1	1	2	2	2	1	4	4	4	2	2	1	2	5	60	"2"	1	""	6	5	""	10	5	1	0	"swe"	2.5	4.4	1	1	1	4	5
194	5	""	5	2	6	""	4	4	1	2	4	4	5	5	4	2	6	5	5	4	2	2	5	5	1	2	5	5	5	1	4	1	4	1	1	1	2	2	1	2	1	5	5	4	1	1	1	1	1	1	5	57	"2"	1	""	8	6	""	10	0	4	0	"swe"	1	2.2	4	3	2	2	5
195	5	""	5	1	2	""	4	5	5	5	6	5	5	4	4	5	5	5	5	5	5	2	5	5	5	5	5	5	5	1	1	1	1	1	1	1	1	1	1	2	4	4	4	4	1	2	2	1	4	1	4	73	"2"	1	""	8	6	""	50	0	1	0	"swe"	1.83333333333333	1	1	1	1	5	5
196	5	""	2	1	4	""	6	4	4	2	6	5	5	5	6	6	6	6	6	5	5	5	5	5	5	5	5	4	5	4	4	5	5	2	2	1	2	4	2	2	4	2	1	1	2	4	1	1	1	4	5	28	"2"	1	""	6	6	""	12	0	1	0	"swe"	2.16666666666667	4	1	1	1	5	2
197	5	""	5	7	4	""	3	4	2	4	3	5	5	5	6	5	3	4	5	5	1	3	5	5	5	5	5	5	5	5	5	4	5	5	1	1	1	1	4	4	4	4	4	4	4	4	4	4	4	4	5	45	"2"	1	""	3	6	""	4	0	1	0	"swe"	4	4.8	1	1	1	1	5
198	5	""	5	1	2	""	4	5	2	5	2	4	4	5	5	4	3	1	5	5	2	4	4	6	6	5	5	4	4	4	1	4	2	2	1	2	4	2	4	2	5	5	5	5	1	1	1	1	1	1	5	62	"2"	1	""	8	4	""	12	0	1	0	"swe"	1	2.6	1	1	1	2	5
199	5	""	3	1	1	""	4	2	1	5	2	4	2	5	5	4	3	1	5	5	2	2	4	6	6	5	5	4	4	2	1	4	2	4	2	2	4	2	2	2	4	5	5	4	2	1	1	1	1	1	5	68	"1"	1	""	7	3	""	12	0	1	0	"swe"	1.16666666666667	2.6	1	1	1	2	3
200	5	""	5	7	4	""	5	1	4	2	2	5	5	5	6	6	6	3	5	5	5	5	5	5	5	5	5	5	5	1	1	1	2	1	1	1	1	1	1	1	4	4	2	1	5	5	4	5	2	4	4	20	"2"	1	""	8	3	""	100	0	2	0	"swe"	4.16666666666667	1.2	2	2	2	5	5
201	5	""	5	5	1	""	5	1	5	4	3	5	5	5	3	6	6	6	5	5	5	5	5	3	6	5	5	5	5	1	1	1	2	1	1	1	1	1	1	1	1	1	1	1	4	5	4	2	2	1	4	25	"1"	1	""	8	3	""	0	105	1	0	"swe"	3	1.2	1	1	1	5	5
202	5	""	5	2	4	""	6	2	4	5	6	2	5	5	6	6	6	2	4	6	2	2	5	5	5	5	4	4	4	1	4	4	5	5	5	4	4	5	4	4	2	2	2	2	1	2	2	2	1	1	4	61	"2"	1	""	5	4	""	50	0	2	0	"swe"	1.5	3.8	2	2	2	2	5
203	5	""	5	2	4	""	5	1	4	4	2	2	5	5	3	2	6	2	4	2	2	2	5	5	5	5	4	4	4	1	4	4	5	5	5	4	4	4	4	4	1	2	2	2	1	2	2	2	1	1	2	62	"1"	1	""	5	3	""	60	40	2	1	"swe"	1.5	3.8	3	2	2	2	5
204	5	""	2	1	2	""	4	2	5	2	4	4	5	4	6	6	6	6	5	5	5	6	5	5	6	6	5	5	5	1	4	1	4	4	5	1	1	1	1	2	2	4	1	3	4	5	1	1	1	2	5	64	"1"	7	""	5	5	""	12	0	15	0	"int"	2.33333333333333	2.8	15	3	2	5	2
205	5	""	4	5	6	""	2	5	2	5	5	6	6	4	6	5	5	6	6	2	6	6	5	4	2	2	2	1	6	1	1	4	5	4	1	2	4	2	1	1	1	1	2	1	1	1	1	1	1	1	2	35	"1"	1	""	4	3	""	3	4	1	0	"swe"	1	3	1	1	1	NA	4
206	5	""	4	1	7	"Konsert"	5	4	4	5	6	5	5	5	6	6	6	3	3	4	5	6	5	5	5	5	5	5	6	1	1	4	5	4	4	1	1	1	1	4	1	1	2	1	5	2	1	1	1	1	5	67	"2"	1	""	6	2	""	10	0	3	0	"swe"	1.83333333333333	3	3	2	2	5	4
207	5	""	4	1	2	""	5	3	5	5	6	4	5	5	6	6	6	6	6	5	5	3	5	5	5	3	5	5	5	1	1	1	3	1	1	1	1	1	1	1	1	1	1	1	2	2	1	1	1	1	4	62	"1"	1	""	6	2	""	50	0	3	0	"swe"	1.33333333333333	1.4	3	2	2	5	4
208	5	""	5	1	2	""	4	2	2	5	2	5	5	5	4	4	6	2	5	5	5	4	5	5	6	6	2	2	5	1	1	1	1	1	2	1	1	1	1	4	4	4	3	1	1	1	4	2	4	2	4	70	"2"	1	""	7	3	""	6	0	1	0	"swe"	2.33333333333333	1	1	1	1	5	5
209	5	""	5	5	4	""	4	2	4	5	2	5	5	5	4	5	6	2	5	5	5	4	5	5	6	6	2	5	5	1	1	1	1	1	2	1	1	1	1	2	4	2	3	1	1	2	2	2	2	2	4	38	"2"	1	""	4	5	""	4	0	0	0	"swe"	1.83333333333333	1	0	1	1	5	5
210	5	""	3	1	6	""	6	6	5	5	6	4	5	5	6	6	6	6	6	4	5	4	5	5	5	5	5	5	5	1	2	1	1	2	1	1	1	1	2	1	1	1	1	1	2	2	1	1	1	1	4	47	"1"	1	""	6	3	""	5	100	1	2	"swe"	1.33333333333333	1.4	3	2	2	5	3
211	5	""	4	1	2	""	5	4	4	4	3	2	5	5	6	5	6	6	5	5	5	2	5	5	5	4	4	4	5	4	5	5	5	2	5	1	4	4	1	4	5	1	5	4	2	4	2	1	1	2	5	40	"2"	1	""	6	6	""	12	3	1	0	"swe"	2	4.2	1	1	1	5	4
212	5	""	5	3	4	""	4	1	5	5	4	4	5	4	6	6	6	4	6	5	5	6	5	5	6	6	5	5	5	4	4	4	5	1	1	2	1	2	1	1	1	1	1	1	4	2	1	1	1	2	5	33	"2"	1	""	6	6	""	10	3	1	0	"swe"	1.83333333333333	3.6	1	1	1	5	5
213	5	""	2	3	4	""	4	2	5	4	6	2	5	4	6	6	6	6	6	4	5	4	5	5	6	6	5	5	5	4	4	4	5	1	1	1	1	1	1	1	1	2	2	1	4	2	1	1	1	2	5	36	"1"	1	""	6	6	""	10	4	2	0	"swe"	1.83333333333333	3.6	2	2	2	5	2
214	5	""	5	14	4	""	2	5	5	5	2	5	5	5	5	4	5	6	5	5	4	5	5	5	5	5	5	5	3	3	3	4	4	4	2	2	2	2	4	2	2	4	2	2	1	4	4	2	2	2	5	30	"1"	12	"Belgium"	2	3	""	10	3	1	0	"int"	2.5	3.6	1	1	1	4	5
215	5	""	5	6	4	""	5	4	5	5	4	5	5	5	4	4	6	3	5	5	5	5	5	5	4	4	5	5	5	3	3	5	5	4	4	1	2	2	1	1	1	2	1	1	4	2	2	2	4	2	5	30	"2"	1	""	2	5	""	3	0	1	0	"swe"	2.66666666666667	4	1	1	1	5	5
216	5	""	3	1	6	""	3	5	5	5	6	5	5	5	6	5	3	3	5	5	5	6	5	5	6	5	5	5	5	4	1	1	4	1	1	1	1	1	1	1	1	1	1	1	2	2	1	1	1	1	2	70	"1"	1	""	4	5	""	10	0	1	0	"swe"	1.33333333333333	2.2	1	1	1	5	3
217	5	""	3	2	7	"Ideally arbete"	3	5	5	5	6	5	5	5	6	5	6	3	5	5	5	3	5	5	6	5	5	5	5	4	1	1	2	1	1	1	1	1	1	1	1	1	1	1	2	4	1	1	1	1	5	65	"2"	1	""	4	5	""	15	0	2	0	"swe"	1.66666666666667	1.8	2	2	2	5	3
218	5	""	5	3	4	""	4	5	2	5	2	5	5	5	6	5	6	6	5	4	5	6	5	5	6	6	5	5	5	1	2	1	4	1	1	4	1	1	1	2	1	1	4	1	1	4	2	1	1	1	5	67	"1"	1	""	7	5	""	2	0	50	0	"swe"	1.66666666666667	1.8	50	3	2	5	5
219	5	""	1	3	4	""	4	5	6	5	2	5	5	5	5	6	5	6	5	4	5	3	5	5	6	6	5	5	5	1	1	1	2	1	1	4	3	4	1	1	1	1	4	1	1	4	4	1	1	1	5	70	"2"	2	""	2	5	""	2	0	20	0	"int"	2	1.2	20	3	2	5	1
220	5	""	1	7	1	""	4	2	5	4	6	5	5	5	6	5	6	4	6	5	2	6	5	5	6	6	5	5	4	4	4	5	5	2	2	1	1	1	1	2	2	2	2	2	5	5	4	2	1	1	5	39	"1"	7	""	2	6	""	5	12	5	1	"int"	3	4	6	3	2	2	1
221	5	""	1	7	1	""	4	2	5	5	6	5	5	5	6	6	6	6	4	5	1	6	5	5	6	6	5	4	5	2	5	5	5	2	1	1	1	1	1	2	1	2	4	2	4	4	1	2	1	1	5	52	"1"	7	""	2	6	""	5	15	5	1	"int"	2.16666666666667	3.8	6	3	2	1	1
222	5	""	5	2	1	""	5	2	5	5	5	5	5	5	5	6	6	6	6	5	6	1	5	5	5	6	5	5	5	5	5	5	5	5	5	5	1	1	1	5	1	1	5	1	5	5	5	5	5	5	5	60	"1"	1	""	8	4	""	5	50	1	10	"swe"	5	5	11	3	2	NA	5
223	5	""	5	1	2	""	4	4	4	5	4	4	4	2	6	6	6	6	6	2	2	3	4	4	5	5	5	5	5	4	4	4	2	5	4	1	1	1	2	4	2	2	4	4	4	5	4	4	2	2	5	60	"2"	1	""	8	5	""	20	30	1	0	"swe"	3.5	3.8	1	1	1	2	5
224	5	""	1	4	4	""	3	4	5	4	4	5	5	5	4	6	6	4	4	5	5	5	5	5	6	5	5	4	5	4	5	4	1	2	5	1	1	1	1	1	1	2	4	4	5	5	5	5	4	5	4	24	"1"	1	""	4	3	""	4	0	1	0	"swe"	4.83333333333333	3.2	1	1	1	5	1
225	5	""	2	120	1	""	5	2	5	4	5	5	5	2	6	6	6	5	4	5	4	2	5	4	6	5	5	5	5	2	4	5	5	5	2	5	1	1	2	1	1	2	2	2	5	4	4	2	1	1	5	25	"1"	1	""	2	5	""	8	12	1	1	"swe"	2.83333333333333	4.2	2	2	2	4	2
226	5	""	5	1	2	""	4	2	2	5	2	4	5	5	5	5	6	4	5	4	4	6	5	5	6	6	5	6	5	1	5	1	2	2	4	1	1	1	1	1	1	1	2	2	2	4	2	1	1	1	5	26	"1"	1	""	7	3	""	12	0	2	0	"swe"	1.83333333333333	2.2	2	2	2	4	5
227	5	""	5	5	1	""	4	2	2	5	2	2	4	2	4	2	6	2	4	5	5	4	5	5	6	1	5	5	5	2	2	2	1	1	4	2	2	1	2	2	2	1	2	2	1	2	2	2	1	1	4	28	"1"	1	""	8	3	""	10	0	1	0	"swe"	1.5	1.6	1	1	1	5	5
228	5	""	3	2	1	""	4	2	4	5	6	2	5	5	6	5	6	6	6	2	5	6	4	5	6	5	5	5	5	1	5	2	5	5	2	1	1	1	1	4	4	4	5	4	5	5	4	1	1	1	5	74	"2"	1	""	6	5	""	12	0	2	0	"swe"	2.83333333333333	3.6	2	2	2	5	3
229	5	""	5	70	1	""	3	1	2	4	2	5	5	5	6	5	6	5	5	5	5	5	5	5	6	5	5	5	5	4	5	5	2	1	2	1	1	1	1	4	2	1	4	1	1	1	1	4	1	1	5	59	"2"	1	""	3	5	""	15	0	4	0	"swe"	1.5	3.4	4	3	2	5	5
230	9	""	5	40	5	""	5	4	4	5	4	5	5	4	5	5	3	3	5	5	5	3	5	5	5	5	5	5	5	4	4	4	2	4	2	2	2	2	2	2	2	2	2	2	1	2	2	2	1	2	5	24	"2"	1	""	6	5	""	4	0	1	0	"swe"	1.66666666666667	3.6	1	1	1	5	5
231	11	"Gotland"	4	8	4	""	5	4	4	5	3	5	5	5	5	5	6	5	5	5	5	5	5	5	5	5	5	5	5	3	3	4	3	4	4	1	1	1	4	2	1	4	1	1	2	5	4	2	2	3	5	21	"1"	12	"Spain"	8	5	""	2	0	5	0	"int"	3	3.4	5	3	2	5	4
232	9	""	5	10	7	""	1	1	1	1	1	1	1	1	1	1	1	1	1	1	1	2	1	1	1	1	1	1	1	4	3	3	3	3	4	2	2	2	2	2	2	2	2	3	2	4	4	4	4	5	4	54	"2"	1	""	5	5	""	5	0	2	0	"swe"	3.83333333333333	3.2	2	2	2	1	5
234	9	""	5	28	5	""	4	2	5	4	2	5	4	4	5	3	3	2	4	3	4	2	5	5	4	4	4	4	4	2	3	4	4	2	4	2	2	2	2	4	2	3	4	4	2	4	2	4	2	2	4	22	"2"	1	""	5	3	""	3	1	1	0	"swe"	2.66666666666667	3	1	1	1	4	5
239	2	""	4	1	2	""	5	4	6	5	6	5	5	5	5	2	6	6	6	5	4	2	5	5	4	4	5	5	5	4	4	4	4	4	4	2	2	2	1	4	1	4	4	2	2	4	2	2	2	2	5	34	"2"	1	""	4	6	""	15	10	200	0	"swe"	2.33333333333333	4	200	3	2	4	4
240	2	""	2	3	4	""	6	5	5	5	6	5	5	4	6	6	6	6	6	1	1	1	5	5	5	5	5	5	5	1	2	1	4	1	1	1	1	1	1	2	1	2	2	2	1	1	1	1	1	1	5	69	"2"	1	""	6	3	""	3	0	5	0	"swe"	1	1.8	5	3	2	1	2
241	5	""	3	1	2	""	6	5	6	6	5	5	5	6	6	6	6	6	6	6	5	6	5	5	5	5	5	5	5	2	2	4	4	4	4	1	1	2	2	1	1	2	1	1	4	4	2	1	1	1	5	38	"1"	1	""	3	6	""	7	0	1	0	"swe"	2.16666666666667	3.2	1	1	1	5	3
242	5	""	4	1	2	""	3	4	3	3	3	5	5	3	3	4	3	3	3	4	3	3	5	5	6	2	5	5	4	1	1	1	2	1	1	1	2	3	1	3	4	2	4	4	4	2	1	1	1	2	5	37	"2"	1	""	3	6	""	8	2	1	0	"swe"	1.83333333333333	1.2	1	1	1	3	4
243	2	""	5	3	4	""	5	5	5	5	6	5	5	4	2	3	5	5	5	1	1	1	5	5	5	5	5	3	4	1	4	1	4	1	1	1	1	1	1	1	1	1	1	1	2	2	2	2	1	1	5	69	"2"	1	""	4	3	""	10	0	5	0	"swe"	1.66666666666667	2.2	5	3	2	1	5
244	2	""	5	365	7	"Bostad"	5	4	5	5	5	5	5	4	5	6	5	5	5	5	5	2	5	5	5	5	5	5	5	3	4	1	4	3	3	3	3	1	1	3	3	4	4	4	2	2	2	2	2	2	5	30	"2"	1	""	3	5	""	20	10	3	1	"swe"	2	3	4	3	2	5	5
245	5	""	5	14	1	""	4	4	4	4	4	5	5	4	4	5	2	6	4	4	4	6	5	5	4	5	5	5	5	2	4	2	4	4	4	1	2	1	1	1	1	1	1	1	2	4	2	2	1	1	5	44	"1"	1	""	3	5	""	15	15	2	1	"swe"	2	3.2	3	2	2	4	5
246	5	""	3	2	1	""	5	4	4	5	3	5	5	4	2	5	6	2	5	5	4	2	5	5	6	5	5	5	5	4	5	2	5	4	1	1	1	1	1	4	4	2	4	4	4	5	4	4	1	2	5	70	"2"	1	""	8	5	""	4	0	3	0	"swe"	3.33333333333333	4	3	2	2	4	3
247	11	"Lund"	1	365	7	"Study"	2	4	2	4	4	5	5	5	5	4	2	4	4	4	5	5	5	5	5	5	5	5	5	5	5	5	5	3	5	1	1	1	2	2	1	2	3	1	5	5	4	5	5	5	5	21	"2"	12	"Spain"	8	3	""	2	0	0	0	"int"	4.83333333333333	4.6	0	1	1	5	1
248	5	""	5	30	1	""	5	4	2	4	3	2	5	5	6	1	4	4	2	5	5	4	5	5	6	5	5	5	5	2	5	5	5	4	1	3	1	1	1	2	4	1	1	1	5	4	4	5	5	5	5	79	"2"	1	""	4	4	""	13	0	1	0	"swe"	4.66666666666667	4.2	1	1	1	5	5
249	9	""	5	5	4	""	4	4	4	4	3	4	4	4	3	3	3	3	3	4	4	3	4	3	6	4	4	4	4	3	3	2	2	3	4	2	3	2	1	4	4	2	2	4	2	4	2	4	2	4	4	24	"2"	1	""	4	3	""	2	20	1	0	"swe"	3	2.6	1	1	1	4	5
250	5	""	5	1	2	""	2	2	2	4	2	4	4	4	2	2	6	1	5	6	2	2	5	5	5	5	5	5	5	2	2	2	2	1	1	1	1	1	2	4	1	1	1	5	1	4	4	5	1	5	4	49	"1"	1	""	8	3	""	2	0	1	0	"swe"	3.33333333333333	1.8	1	1	1	2	5
251	11	"Lund"	1	365	7	"Study"	5	2	4	4	2	4	5	4	5	2	3	3	4	4	5	5	5	4	4	4	5	5	5	4	2	5	3	3	4	4	2	4	2	2	2	2	2	2	4	4	2	4	2	4	5	21	"2"	8	""	2	5	""	2	0	2	0	"int"	3.33333333333333	3.4	2	2	2	5	1
252	9	""	4	7	4	""	5	4	5	5	4	5	5	5	5	3	3	4	4	4	5	3	5	5	5	5	5	5	5	4	4	2	2	3	3	1	2	2	2	2	2	2	2	2	3	4	4	4	3	4	5	19	"2"	1	""	5	5	""	5	0	0	0	"swe"	3.66666666666667	3	0	1	1	5	4
253	5	""	5	1	2	""	6	2	2	5	5	5	5	5	5	5	6	2	5	5	5	4	5	5	5	5	5	5	5	5	5	4	5	5	5	1	1	1	2	2	2	2	2	2	5	5	5	2	1	5	2	30	"2"	1	""	8	3	""	1	0	1	0	"swe"	3.83333333333333	4.8	1	1	1	5	5
254	5	""	3	4	1	""	4	4	4	5	2	4	5	5	3	3	6	2	5	4	4	2	5	5	5	5	5	5	5	4	4	4	4	5	5	1	1	1	2	4	2	1	3	3	1	2	2	2	1	2	5	26	"2"	1	""	8	3	""	12	0	2	0	"swe"	1.66666666666667	4.2	2	2	2	4	3
255	2	""	1	9	5	""	5	5	5	4	6	5	5	5	4	4	6	6	5	5	5	4	5	5	5	5	5	4	5	4	4	2	4	4	4	2	2	2	2	2	2	2	3	3	2	4	2	2	2	4	5	39	"2"	7	""	7	4	""	5	0	2	0	"int"	2.66666666666667	3.6	2	2	2	5	1
256	5	""	5	18	4	""	5	5	5	5	5	5	5	6	6	6	6	6	5	5	5	6	5	5	5	5	6	6	5	1	1	1	1	1	4	1	1	1	1	1	1	1	1	1	1	1	1	1	1	1	5	39	"1"	1	""	8	3	""	20	70	2	5	"swe"	1	1	7	3	2	5	5
257	5	""	5	1	2	""	6	2	4	4	2	5	5	4	5	2	1	5	4	4	4	2	5	5	5	5	5	5	5	4	4	3	4	5	5	1	1	1	1	2	2	1	3	1	4	4	4	4	2	4	5	18	"2"	1	""	7	3	""	2	0	0	0	"swe"	3.66666666666667	4	0	1	1	4	5
258	5	""	3	7	1	""	5	1	1	5	2	5	5	5	5	6	1	5	5	5	5	2	5	5	6	5	5	5	5	1	1	1	5	5	5	1	1	1	1	1	1	1	1	1	2	1	1	1	1	1	5	43	"1"	1	""	8	3	""	2	2	1	0	"swe"	1.16666666666667	2.6	1	1	1	5	3
259	5	""	5	1	7	"Festival"	6	2	2	4	6	5	5	6	6	6	6	4	4	5	5	6	5	5	2	5	5	5	2	2	2	2	4	5	2	1	4	2	2	5	4	2	4	4	2	4	2	2	2	2	5	67	"2"	1	""	4	6	""	4	0	3	0	"swe"	2.33333333333333	3	3	2	2	5	5
260	5	""	5	1	2	""	5	5	3	5	3	5	5	5	6	6	6	6	2	2	5	3	5	5	6	6	5	3	3	1	4	1	1	1	1	1	1	1	1	1	1	2	4	1	1	2	1	1	1	1	5	57	"2"	1	""	8	5	""	25	12	3	0	"swe"	1.16666666666667	1.6	3	2	2	5	5
261	5	""	4	5	1	""	4	5	5	5	5	5	5	5	5	3	6	5	5	5	4	2	5	5	6	5	5	5	5	5	5	1	4	5	1	1	1	1	1	1	1	1	1	1	1	1	1	1	1	1	5	49	"1"	1	""	8	5	""	3	52	1	1	"swe"	1	4	2	2	2	4	4
262	5	""	5	1	4	""	6	4	4	2	4	5	4	4	4	5	6	2	4	4	2	1	5	5	6	2	3	3	3	1	1	1	5	2	5	1	5	1	1	4	4	1	1	1	1	1	1	1	1	1	5	41	"2"	1	""	7	4	""	2	0	0	0	"swe"	1	2	0	1	1	2	5
263	5	""	5	1	2	""	5	2	1	5	5	5	5	1	4	5	2	1	5	5	5	4	1	1	1	1	1	5	2	1	1	1	5	5	3	1	1	1	2	3	3	3	3	3	1	5	5	1	1	5	5	18	"1"	1	""	7	5	""	50	0	1	0	"swe"	3	2.6	1	1	1	5	5
264	5	""	5	7	1	""	5	2	1	5	5	5	5	5	5	5	1	1	5	5	5	5	5	5	6	5	5	5	5	4	1	5	1	4	5	1	1	1	1	1	1	1	1	4	1	1	1	1	1	1	4	22	"1"	1	""	8	3	""	52	0	1	0	"swe"	1	3	1	1	1	5	5
265	5	""	5	1	2	""	5	5	5	5	5	5	5	4	4	5	2	5	5	5	5	5	5	3	1	5	5	6	5	5	5	5	4	1	5	1	1	5	1	2	5	1	1	1	4	1	1	1	1	1	5	25	"1"	1	""	8	3	""	52	0	0	0	"swe"	1.5	4	0	1	1	5	5
266	5	""	1	90	6	""	3	2	2	2	6	5	5	5	4	5	6	2	1	5	5	5	5	5	6	5	5	5	5	5	5	5	2	4	2	2	2	2	1	4	5	1	5	4	1	4	5	2	2	1	5	23	"1"	1	""	3	3	""	0	100	6	0	"swe"	2.5	4.2	6	3	2	5	1
267	5	""	2	6	4	""	6	5	5	5	4	4	5	6	6	6	6	6	6	5	5	6	5	6	5	5	5	5	5	1	5	5	5	5	5	1	1	1	1	1	1	1	1	1	4	5	5	5	2	1	5	73	"2"	1	""	3	5	""	2	0	2	0	"swe"	3.66666666666667	4.2	2	2	2	5	2
268	5	""	5	3	1	""	3	3	2	2	3	4	5	4	6	3	3	3	3	5	4	3	3	3	6	3	3	2	5	1	4	1	3	4	4	3	3	1	1	3	4	5	4	3	2	4	1	1	1	1	2	51	"1"	1	""	2	4	""	4	0	5	5	"swe"	1.66666666666667	2.6	10	3	2	4	5
269	5	""	5	3	5	""	6	5	4	6	6	5	5	5	6	5	6	6	5	5	5	6	5	5	5	5	5	5	5	4	4	2	2	2	2	1	1	1	1	2	2	1	1	1	4	4	2	2	2	2	5	27	"2"	1	""	4	6	""	12	6	2	0	"swe"	2.66666666666667	2.8	2	2	2	5	5
270	5	""	5	4	1	""	4	1	4	5	6	5	5	3	6	6	6	5	5	5	5	3	5	5	6	6	5	5	5	5	5	1	1	4	1	1	1	1	1	5	1	1	1	1	1	4	5	5	1	2	4	29	"2"	1	""	2	6	""	3	0	3	0	"swe"	3	3.2	3	2	2	5	5
271	2	""	5	14	4	""	6	2	4	5	5	5	5	4	5	2	3	6	5	4	4	2	5	5	5	5	5	5	5	2	4	1	4	2	2	1	1	1	1	2	2	2	2	2	2	5	4	2	2	1	5	18	"2"	1	""	3	3	""	30	0	2	0	"swe"	2.66666666666667	2.6	2	2	2	4	5
274	5	""	2	2	2	""	4	6	4	2	6	5	5	6	6	3	4	6	5	2	5	6	5	6	6	6	5	6	5	1	1	3	1	5	1	1	1	1	1	2	1	1	1	2	1	2	1	1	1	1	2	32	"2"	1	""	4	5	""	12	3	1	0	"swe"	1.16666666666667	2.2	1	1	1	5	2
275	5	""	5	4	1	""	4	2	2	5	6	5	5	4	5	5	6	6	5	2	2	2	5	5	6	6	5	5	5	1	1	1	4	1	2	1	1	1	1	4	4	1	2	2	1	4	1	1	1	1	4	68	"1"	1	""	6	3	""	20	0	2	0	"swe"	1.5	1.6	2	2	2	2	5
276	5	""	5	1	2	""	4	2	4	5	5	5	5	5	4	4	6	5	5	5	5	2	4	5	5	5	5	6	5	4	2	1	1	1	5	1	1	1	4	1	4	1	2	5	1	1	1	1	1	1	4	27	"2"	1	""	8	3	""	5	0	1	0	"swe"	1	1.8	1	1	1	5	5
277	5	""	5	3	4	""	4	4	5	5	4	2	3	4	4	2	2	6	2	3	5	2	5	5	6	5	5	5	5	4	5	4	4	5	2	2	1	1	1	4	2	1	1	1	2	2	2	2	1	1	4	27	"1"	1	""	8	3	""	25	0	0	0	"swe"	1.66666666666667	4.4	0	1	1	5	5
278	5	""	3	3	4	""	5	6	4	4	6	5	5	5	6	4	6	6	4	5	4	6	5	5	5	5	5	5	5	2	2	1	1	5	5	1	1	1	2	2	2	2	4	2	2	2	4	2	1	1	4	37	"1"	1	""	2	4	""	3	5	1	0	"swe"	2	2.2	1	1	1	4	3
279	5	""	3	3	4	""	2	6	4	6	6	5	5	4	6	6	6	6	5	4	4	4	5	5	6	5	5	5	5	2	4	2	1	2	1	1	1	1	1	2	1	2	2	1	1	1	1	1	1	2	5	36	"2"	1	""	2	5	""	4	0	2	0	"swe"	1.16666666666667	2.2	2	2	2	4	3
280	5	""	1	1	6	""	3	3	4	4	6	2	5	3	6	3	6	6	6	5	3	3	4	5	6	6	5	2	5	5	4	4	2	4	5	2	2	1	5	4	2	4	4	3	2	4	4	4	1	5	4	29	"1"	1	""	8	2	""	4	35	1	0	"swe"	3.33333333333333	3.8	1	1	1	3	1
281	5	""	2	6	4	""	4	2	5	5	6	5	5	5	6	6	6	6	3	5	5	6	5	5	5	5	5	6	5	4	4	2	5	3	5	1	1	1	1	1	1	1	1	1	2	4	2	2	2	2	5	60	"2"	1	""	8	5	""	6	0	0	0	"swe"	2.33333333333333	3.6	0	1	1	5	2
282	5	""	5	1	2	""	5	5	4	5	6	5	4	4	5	5	6	5	5	4	2	2	4	2	3	3	3	4	4	1	1	1	4	1	1	1	1	1	1	1	4	1	1	1	1	4	2	1	1	4	5	68	"1"	1	""	8	3	""	10	0	1	0	"swe"	2.16666666666667	1.6	1	1	1	2	5
283	5	""	5	7	1	""	4	5	4	5	6	5	5	5	3	3	3	5	5	5	4	3	5	5	6	5	5	3	5	5	5	5	5	5	5	1	1	1	3	5	5	1	1	1	1	5	5	5	5	5	5	65	"2"	1	""	8	4	""	52	0	1	0	"swe"	4.33333333333333	5	1	1	1	4	5
284	5	""	5	1	6	""	5	5	4	5	4	5	5	5	4	5	6	5	5	4	2	2	5	5	6	6	5	5	5	1	4	5	4	5	1	1	1	1	1	4	1	1	4	1	1	4	4	4	1	1	5	58	"1"	1	""	8	6	""	20	70	4	2	"swe"	2.5	3.8	6	3	2	2	5
285	5	""	4	7	1	""	4	2	5	2	5	5	5	5	2	1	3	1	5	5	4	2	5	5	6	5	5	5	5	1	4	1	5	1	1	1	1	1	1	1	1	1	1	1	2	2	1	1	1	1	5	57	"2"	1	""	8	5	""	3	1	2	0	"swe"	1.33333333333333	2.4	2	2	2	4	4
286	5	""	1	1	2	""	3	3	6	5	6	5	5	5	6	6	6	6	6	5	5	6	5	5	6	6	5	5	5	1	1	1	4	5	4	1	1	1	1	1	4	1	1	1	2	4	1	1	1	4	5	38	NA	1	""	6	5	""	4	5	0	0	"swe"	2.16666666666667	2.4	0	1	1	5	1
287	11	"Smögen"	2	3	3	""	4	5	4	3	3	2	2	5	5	5	3	3	4	2	4	4	4	4	4	2	4	4	4	3	4	2	4	2	4	4	2	2	4	4	2	4	2	4	4	4	2	2	2	2	4	31	"1"	10	""	8	6	""	20	5	2	3	"int"	2.66666666666667	3	5	3	2	4	2
288	5	""	1	1	7	"Konsert"	6	6	2	2	5	6	6	6	6	6	6	6	6	5	5	6	5	5	5	5	5	6	5	1	1	1	2	1	5	1	1	1	1	4	1	4	1	1	4	5	4	1	1	4	5	29	"2"	1	""	3	4	""	50	12	10	1	"swe"	3.16666666666667	1.2	11	3	2	5	1
289	5	""	1	1	2	""	3	3	4	1	2	3	3	4	6	6	6	6	1	5	4	3	4	5	6	5	5	5	5	4	5	4	5	5	5	1	1	1	1	2	1	2	1	1	4	4	4	2	2	1	5	27	"2"	1	""	3	5	""	4	2	1	0	"swe"	2.83333333333333	4.6	1	1	1	4	1
290	5	""	3	7	5	""	4	2	2	2	6	1	6	4	6	3	6	6	5	5	5	6	5	5	6	5	5	6	6	2	4	4	5	4	5	1	1	1	1	1	4	1	1	1	5	5	1	1	1	5	5	57	"2"	1	""	3	8	"Vll ej svara"	6	0	1	0	"swe"	3	3.8	1	1	1	5	3
291	5	""	2	3	4	""	2	1	4	2	1	2	5	5	4	5	5	6	5	4	5	4	5	4	6	6	5	5	5	2	4	1	4	1	4	1	2	2	1	4	2	2	4	4	1	4	2	5	1	2	5	32	"2"	1	""	4	5	""	15	0	2	0	"swe"	2.5	2.4	2	2	2	5	2
292	5	""	1	3	4	""	4	1	2	4	2	5	5	5	4	6	6	6	5	5	5	6	5	5	5	5	5	5	5	1	2	1	4	1	5	1	1	1	2	2	1	2	2	1	1	4	1	1	1	1	5	34	"2"	1	""	3	5	""	20	0	2	0	"swe"	1.5	1.8	2	2	2	5	1
293	5	""	1	3	4	""	4	4	4	2	2	5	5	5	5	5	6	6	5	5	5	5	5	5	5	5	5	5	5	4	4	5	4	4	2	1	1	1	1	1	1	1	1	1	2	4	4	4	2	2	5	55	"1"	8	""	2	5	""	5	10	3	0	"int"	3	4.2	3	2	2	5	1
294	5	""	1	7	4	""	3	2	5	4	6	5	5	5	6	6	5	6	5	5	4	5	5	5	6	6	5	5	5	5	5	5	4	3	4	2	1	1	1	4	4	2	4	2	4	4	4	2	1	2	5	42	"2"	7	""	3	6	""	4	2	2	0	"int"	2.83333333333333	4.4	2	2	2	4	1
295	5	""	1	4	4	""	6	5	5	5	5	5	5	5	6	6	6	6	5	5	5	6	5	5	5	5	5	5	5	1	1	2	2	1	1	1	1	1	1	2	4	4	4	2	4	4	3	1	1	1	5	29	"2"	10	""	4	5	""	5	0	5	0	"int"	2.33333333333333	1.4	5	3	2	5	1
296	9	""	5	7	1	""	4	4	4	5	5	4	4	2	2	2	2	4	5	4	2	2	4	4	4	4	4	4	4	2	2	1	2	2	4	2	2	2	2	2	2	2	4	4	2	2	2	2	2	2	5	52	"2"	1	""	5	4	""	5	1	2	0	"swe"	2	1.8	2	2	2	2	5
297	9	""	4	7	4	""	4	4	5	5	4	4	4	4	4	6	2	4	4	4	4	4	4	4	4	5	4	4	4	3	4	3	3	3	4	2	2	1	2	2	2	3	4	4	4	4	4	3	3	2	4	62	"1"	1	""	6	3	""	2	3	0	0	"swe"	3.33333333333333	3.2	0	1	1	4	4
298	9	""	5	14	4	""	5	4	5	5	3	5	5	4	4	4	4	4	4	5	4	4	5	5	5	5	5	5	5	4	5	3	3	4	5	1	1	1	1	2	1	2	3	2	4	2	2	2	1	1	5	58	"2"	1	""	5	3	""	10	3	1	0	"swe"	2	3.8	1	1	1	4	5
299	9	""	5	10	3	""	5	4	4	5	4	5	4	2	4	5	4	4	5	4	2	4	4	5	4	5	5	5	5	4	4	4	4	4	4	1	2	1	2	2	2	2	2	2	4	5	4	4	4	4	4	20	"2"	1	""	6	3	""	5	2	2	0	"swe"	4.16666666666667	4	2	2	2	2	5
301	7	""	5	4	4	""	5	5	5	5	6	5	4	3	5	3	3	5	5	4	3	3	5	2	5	5	4	4	4	2	2	3	4	4	3	3	2	4	4	4	2	4	4	4	4	4	4	4	2	4	5	59	"2"	1	""	8	6	""	4	0	1	0	"swe"	3.66666666666667	3	1	1	1	3	5
303	9	""	3	7	4	""	5	3	3	4	1	3	3	4	3	3	3	3	5	5	5	5	4	4	4	2	4	4	4	2	2	2	4	4	4	2	2	2	2	4	2	3	4	3	2	2	2	2	2	2	4	26	"2"	1	""	3	3	""	2	0	0	0	"swe"	2	2.8	0	1	1	5	3
305	11	"Gotland"	5	18	1	""	4	2	2	2	2	5	2	5	2	1	1	1	1	5	5	5	5	2	4	6	5	5	5	5	5	4	5	2	4	3	3	4	4	4	4	5	5	5	5	5	4	3	1	1	5	26	"1"	1	""	2	5	""	2	1	1	0	"swe"	3.16666666666667	4.2	1	1	1	5	5
306	4	""	1	2	3	""	4	6	6	6	6	5	5	5	6	4	3	6	4	5	5	5	5	5	2	2	5	5	5	4	2	4	2	2	4	2	2	4	2	2	2	2	4	2	3	4	2	2	2	2	5	42	"2"	9	""	8	6	""	2	0	1	0	"int"	2.5	2.8	1	1	1	5	1
307	9	""	5	14	5	""	5	2	4	4	2	4	4	4	4	3	4	3	3	3	3	3	4	4	4	4	4	4	4	4	5	4	5	3	4	4	3	4	2	2	5	4	4	3	4	5	5	4	4	4	5	22	"2"	1	""	6	3	""	5	0	3	0	"swe"	4.33333333333333	4.2	3	2	2	3	5
308	9	""	5	30	4	""	5	2	4	5	5	3	3	4	4	4	2	3	4	2	4	3	5	5	5	5	5	5	5	4	4	3	4	3	5	2	2	2	3	2	2	3	4	3	4	4	3	4	3	3	5	22	"2"	1	""	5	3	""	2	0	0	0	"swe"	3.5	3.6	0	1	1	4	5
309	7	""	5	31	5	""	4	4	4	2	2	4	5	5	5	4	3	3	3	4	4	4	5	4	4	4	4	4	5	4	4	3	4	3	5	3	3	2	3	3	3	2	4	3	4	4	4	2	2	4	5	19	"2"	12	"Australia"	1	3	""	4	0	2	0	"int"	3.33333333333333	3.6	2	2	2	4	5
310	9	""	2	5	7	"Visitor of Almedalsveckan"	5	5	5	5	5	5	5	5	4	6	6	6	6	5	5	6	5	5	3	4	5	5	5	4	4	4	4	3	3	2	3	2	1	4	2	2	4	2	2	4	4	4	2	2	5	22	"2"	1	""	5	5	""	2	0	4	0	"swe"	3	3.8	4	3	2	5	2
311	9	""	2	90	6	""	5	4	4	4	4	4	4	5	5	2	4	4	4	4	5	5	5	5	5	4	5	5	5	2	2	2	4	2	4	2	2	2	2	2	2	4	2	2	2	3	2	2	2	2	4	38	"2"	12	"Czech republic"	3	3	""	3	2	3	2	"int"	2.16666666666667	2.4	5	3	2	5	2
312	9	""	4	1	2	""	5	4	4	4	3	4	4	4	3	3	3	3	3	2	4	6	4	4	2	4	4	4	5	2	2	2	4	4	4	2	5	2	2	2	2	4	4	2	5	5	5	2	2	4	4	23	"1"	1	""	4	4	""	3	1	1	0	"swe"	3.83333333333333	2.8	1	1	1	4	4
313	4	""	5	365	7	"Bostad"	4	4	4	4	2	5	5	5	5	5	2	2	5	5	5	6	5	5	5	5	5	5	5	5	5	5	5	5	5	2	2	2	2	2	2	2	2	2	2	2	2	2	2	2	5	62	"2"	1	""	6	3	""	10	0	2	0	"swe"	2	5	2	2	2	5	5
314	4	""	2	1	2	""	4	5	4	4	3	6	6	5	5	3	3	3	3	5	6	6	5	5	3	3	5	5	5	3	3	3	3	3	3	3	4	4	2	4	3	4	4	4	3	4	2	2	3	4	5	30	"2"	2	""	4	5	""	5	0	2	2	"int"	3	3	4	3	2	NA	2
315	4	""	1	7	1	""	5	5	5	5	4	5	5	5	4	4	4	6	6	5	5	3	5	5	5	5	5	5	5	1	1	1	2	2	1	1	1	1	1	1	1	1	1	1	1	2	1	1	1	1	5	41	"2"	1	""	4	4	""	3	0	0	0	"swe"	1.16666666666667	1.4	0	1	1	5	1
316	4	""	2	7	1	""	5	5	5	5	6	5	5	5	6	6	6	6	6	5	5	5	5	5	5	5	5	5	5	1	1	1	2	2	1	1	1	1	1	1	1	1	1	1	1	1	1	1	1	1	5	63	"1"	1	""	4	3	""	3	0	0	0	"swe"	1	1.4	0	1	1	5	2
317	4	""	1	7	1	""	5	5	5	5	6	5	5	5	6	6	6	6	6	5	5	5	5	5	5	5	5	5	5	1	1	1	2	2	1	1	1	1	1	1	1	1	1	1	1	1	1	1	1	1	5	61	"2"	1	""	4	5	""	3	0	0	0	"swe"	1	1.4	0	1	1	5	1
318	4	""	5	5	4	""	5	3	5	6	6	5	5	5	6	5	6	6	6	5	5	5	5	5	3	3	5	5	5	1	4	4	4	1	5	1	1	1	1	1	1	1	1	1	1	1	1	1	1	1	5	44	"2"	1	""	2	6	""	3	10	1	2	"swe"	1	2.8	3	2	2	5	5
319	4	""	5	5	4	""	5	5	5	5	6	5	5	5	6	5	6	6	6	5	5	5	5	5	5	3	5	5	5	1	4	4	4	1	5	1	1	1	1	1	1	1	1	1	1	4	1	1	1	1	5	49	"1"	1	""	2	6	""	3	2	1	2	"swe"	1.5	2.8	3	2	2	5	5
320	4	""	1	1	2	""	5	6	5	6	6	5	5	5	5	6	6	5	5	6	6	6	5	5	5	5	5	5	5	1	2	4	2	1	5	1	1	1	1	1	1	1	1	1	1	1	1	1	1	1	5	51	"2"	1	""	6	5	""	8	0	1	0	"swe"	1	2	1	1	1	NA	1
321	9	""	1	1	2	""	5	4	5	5	3	4	5	4	3	2	3	3	3	2	5	5	5	5	4	4	3	4	4	1	1	1	4	2	4	1	1	1	1	1	2	2	1	1	1	2	1	1	1	1	5	47	"1"	3	""	8	6	""	3	1	1	0	"int"	1.16666666666667	1.8	1	1	1	5	1
322	9	""	2	1	1	""	4	3	3	4	3	5	5	5	3	3	3	3	3	5	5	5	5	5	3	3	5	5	5	3	3	3	3	3	3	3	2	2	2	2	2	2	2	2	2	3	2	2	2	2	5	52	"2"	12	"Estonia"	3	6	""	1	0	3	0	"int"	2.16666666666667	3	3	2	2	5	2
323	4	""	1	1	7	"Citadellet"	5	6	5	6	6	5	5	5	6	5	6	6	6	5	6	6	5	5	5	5	5	5	5	1	4	1	1	1	4	1	1	1	1	1	1	1	1	1	1	1	1	1	1	1	5	61	"1"	1	""	6	8	""	3	0	1	0	"swe"	1	1.6	1	1	1	NA	1
324	4	""	5	1	4	""	5	6	5	6	6	5	5	5	5	6	6	5	5	5	5	5	5	5	5	5	5	5	5	1	1	5	5	5	5	1	1	1	1	1	1	1	1	1	1	4	4	1	1	1	5	31	"1"	1	""	4	5	""	20	75	1	0	"swe"	2	3.4	1	1	1	5	5
325	4	""	5	1	4	""	5	6	5	5	6	5	5	5	5	5	6	6	6	5	5	5	5	5	5	5	5	5	5	1	1	4	1	1	4	1	1	1	1	1	1	1	1	1	4	4	1	1	1	1	5	70	"1"	1	""	7	5	""	3	0	2	0	"swe"	2	1.6	2	2	2	5	5
326	4	""	1	1	4	""	5	6	5	4	6	5	5	4	6	6	6	6	6	5	5	6	5	5	5	4	5	5	5	2	5	5	4	3	5	1	2	2	1	2	1	1	1	1	1	4	4	4	1	1	5	30	"2"	1	""	4	6	""	10	2	1	0	"swe"	2.5	3.8	1	1	1	5	1
327	4	""	3	1	2	""	4	6	4	6	6	5	5	5	6	3	5	5	6	5	5	5	5	5	5	5	5	5	5	1	4	1	5	1	5	1	1	1	1	1	1	1	1	1	1	1	1	1	1	1	5	28	"2"	12	""	1	6	""	2	0	1	0	"int"	1	2.4	1	1	1	5	3
328	4	""	4	1	2	""	5	6	5	6	6	5	5	5	6	6	5	5	6	5	5	5	5	5	5	5	5	5	5	1	1	1	4	1	5	1	1	1	1	1	1	1	1	1	1	1	1	1	1	1	5	33	"1"	12	"India"	1	6	""	2	0	1	0	"int"	1	1.6	1	1	1	5	4
329	4	""	1	1	7	"Konstgall"	5	6	5	6	6	5	5	6	6	6	6	6	6	5	5	5	5	5	5	5	5	5	5	1	1	4	5	5	1	1	1	1	1	1	1	1	1	4	1	5	1	1	1	1	5	61	"1"	1	""	2	5	""	4	1	7	0	"swe"	1.66666666666667	3.2	7	3	2	5	1
330	4	""	2	1	7	"Konsthall"	5	6	5	6	6	5	5	6	6	6	6	6	6	5	5	5	5	5	5	5	5	5	5	1	1	4	4	1	4	1	1	1	1	1	1	1	1	1	1	4	1	1	1	1	5	59	"2"	1	""	2	5	""	2	0	7	0	"swe"	1.5	2.2	7	3	2	5	2
331	4	""	1	1	3	""	5	5	6	4	6	5	5	5	6	6	6	6	4	5	5	6	5	5	3	5	5	5	5	3	4	3	4	4	4	2	2	2	4	2	2	4	3	2	4	4	4	4	4	4	5	20	"2"	10	""	8	3	""	3	0	3	0	"int"	4	3.6	3	2	2	5	1
332	9	""	1	1	6	""	4	4	4	4	4	4	4	4	4	4	4	4	4	4	4	4	4	4	4	4	4	4	4	4	4	4	4	4	4	2	2	3	2	2	2	2	2	2	2	3	2	2	2	2	4	18	"1"	12	"Estonia"	2	2	""	1	0	1	0	"int"	2.16666666666667	4	1	1	1	4	1
333	9	""	2	1	6	""	4	4	6	4	6	4	4	4	6	4	6	6	6	4	4	6	4	4	4	6	4	4	4	4	4	4	4	4	4	2	2	2	2	2	2	2	2	2	2	2	2	2	2	1	5	33	"1"	12	"Estland"	2	4	""	1	1	1	1	"int"	1.83333333333333	4	2	2	2	4	2
334	9	""	1	7	1	""	4	4	4	5	4	4	5	5	5	4	4	4	4	5	5	5	4	4	4	4	4	4	4	4	4	4	4	4	4	2	2	2	2	2	2	2	2	2	2	2	2	2	2	2	5	27	"2"	1	""	4	6	""	5	2	5	2	"swe"	2	4	7	3	2	5	1
335	9	""	2	1	2	""	4	2	4	5	3	5	5	4	3	3	2	3	3	4	5	3	4	3	3	4	4	4	4	4	4	4	1	4	4	2	3	3	4	4	4	2	2	4	2	2	2	2	2	2	5	58	"2"	3	""	5	5	""	5	1	2	0	"int"	2	3.4	2	2	2	5	2
336	4	""	1	1	3	""	5	6	5	5	6	5	5	5	6	6	6	6	6	5	5	5	5	5	4	1	5	5	5	3	4	1	1	1	4	1	1	1	1	1	1	1	1	1	5	4	1	1	1	4	5	61	"2"	11	""	5	6	""	2	0	1	0	"int"	2.66666666666667	2	1	1	1	5	1
337	4	""	4	1	3	""	5	6	5	6	6	5	5	5	6	6	6	6	6	5	5	5	5	5	5	2	5	5	5	1	1	1	1	1	4	1	1	4	1	1	1	1	1	1	4	4	1	1	1	1	5	63	"1"	11	""	5	7	""	2	0	1	0	"int"	2	1	1	1	1	5	4
338	9	""	2	1	1	""	5	3	4	5	3	5	5	4	3	4	3	3	3	3	4	5	5	5	5	5	5	5	5	4	4	4	4	4	4	2	2	2	2	2	2	2	2	2	2	2	2	2	2	2	5	26	"2"	12	"Estonia"	2	5	""	1	0	1	0	"int"	2	4	1	1	1	4	2
339	9	""	1	1	2	""	4	5	6	4	6	4	4	5	6	6	6	6	4	4	5	6	5	5	5	5	5	5	5	4	4	3	3	4	3	2	2	2	2	2	2	2	2	2	1	1	1	1	1	1	5	46	"2"	12	"Estonia"	4	5	""	3	3	2	2	"int"	1	3.6	4	3	2	5	1
340	9	""	2	3	3	""	4	4	2	4	3	4	3	4	3	3	2	3	4	5	5	5	4	5	2	5	5	2	4	2	2	2	4	2	4	4	1	1	2	4	2	4	4	4	2	2	2	4	2	4	5	21	"2"	1	""	4	3	""	4	0	2	0	"swe"	2.66666666666667	2.4	2	2	2	5	2
341	9	""	2	2	1	""	5	6	4	4	6	6	6	6	6	6	6	6	6	6	6	6	6	6	5	5	5	4	5	4	3	3	4	3	4	3	1	1	1	4	2	3	4	4	3	4	4	4	4	2	5	21	"2"	1	""	3	3	""	5	1	2	0	"swe"	3.5	3.4	2	2	2	NA	2
342	4	""	4	1	2	""	5	4	5	5	6	5	5	5	6	6	6	6	5	5	5	5	5	5	4	4	5	5	5	1	2	1	2	1	2	1	1	2	1	1	2	1	2	1	4	4	1	1	1	1	5	21	"2"	1	""	4	5	""	10	0	2	0	"swe"	2	1.4	2	2	2	5	4
343	9	""	2	5	1	""	4	4	5	5	6	4	5	5	5	3	2	6	5	2	4	4	5	5	2	4	5	5	5	4	5	4	4	5	4	1	4	2	2	4	2	2	2	2	2	4	2	2	2	4	4	44	"2"	4	""	3	5	""	4	2	1	1	"int"	2.66666666666667	4.4	2	2	2	4	2
344	4	""	1	1	3	""	6	6	6	6	6	5	5	5	6	6	6	6	6	5	5	5	5	5	5	5	6	5	5	5	4	2	1	1	3	1	1	1	1	1	1	1	1	1	2	4	2	1	1	1	5	61	"1"	2	""	4	5	""	3	2	2	0	"int"	1.83333333333333	2.6	2	2	2	5	1
345	4	""	2	1	2	""	4	6	4	6	6	5	5	5	6	6	6	6	6	5	5	5	5	5	5	5	5	5	5	2	2	1	2	1	1	1	1	1	1	1	1	1	1	1	4	4	2	2	2	2	5	60	"2"	2	""	4	5	""	3	0	2	0	"int"	2.66666666666667	1.6	2	2	2	5	2
346	4	""	5	10	4	""	5	2	5	5	3	5	5	5	4	4	5	5	5	5	5	5	2	5	2	5	5	5	3	1	1	4	1	1	1	1	1	1	1	2	1	1	2	1	4	4	1	1	1	2	5	50	"1"	1	""	4	6	""	4	5	1	0	"swe"	2.16666666666667	1.6	1	1	1	5	5
347	4	""	3	10	4	""	5	5	5	5	6	5	5	5	6	4	6	5	5	2	2	2	5	5	5	5	5	5	5	1	1	4	1	1	1	1	1	1	1	2	1	1	2	1	4	4	1	1	1	1	5	47	"2"	1	""	4	6	""	4	0	1	0	"swe"	2	1.6	1	1	1	2	3
348	4	""	5	10	4	""	5	2	5	5	6	5	5	5	6	2	5	5	6	4	4	4	5	5	5	5	5	5	5	1	1	1	1	1	1	1	1	1	1	1	1	1	1	1	1	1	1	1	1	1	5	18	"2"	1	""	4	3	""	3	0	1	0	"swe"	1	1	1	1	1	4	5
349	4	""	5	1	4	""	5	2	5	5	5	5	5	5	4	2	6	5	5	1	1	1	5	5	5	5	5	5	5	4	4	5	5	5	5	1	1	1	1	4	1	1	1	1	4	4	4	4	2	4	4	43	"2"	7	""	8	3	""	25	15	25	0	"int"	3.66666666666667	4.6	25	3	2	1	5
350	4	""	5	10	4	""	6	1	6	1	6	1	1	4	4	2	2	2	4	6	6	6	4	4	5	5	5	5	5	4	5	4	4	4	4	3	1	1	1	1	1	1	1	1	4	4	4	2	2	2	4	35	"2"	1	""	5	3	""	5	0	1	0	"swe"	3	4.2	1	1	1	NA	5
351	9	""	5	10	4	""	6	5	5	5	5	5	5	5	6	5	4	5	5	3	5	5	5	5	5	5	5	5	5	4	4	4	4	4	4	2	2	2	2	2	2	2	2	2	2	4	2	2	2	2	5	58	"2"	1	""	2	6	""	4	0	3	0	"swe"	2.33333333333333	4	3	2	2	5	5
352	9	""	5	21	1	""	5	5	5	4	5	5	5	5	3	3	4	5	5	2	5	5	5	5	5	2	5	5	5	2	4	4	2	3	2	2	2	4	2	4	2	2	4	4	2	4	2	2	2	4	5	54	"1"	1	""	2	7	""	25	7	12	15	"swe"	2.66666666666667	3	27	3	2	5	5
353	9	""	4	8	4	""	5	4	5	5	4	5	5	5	5	5	4	4	5	5	5	5	5	5	5	5	5	5	5	4	4	4	4	2	5	1	1	1	4	2	2	3	2	1	1	4	4	4	1	3	5	21	"1"	12	"Spain"	8	5	""	3	0	10	0	"int"	2.83333333333333	3.6	10	3	2	5	4
354	9	""	1	4	4	""	4	3	4	5	6	5	5	5	4	3	4	6	6	5	5	5	5	5	5	5	5	5	5	4	5	5	5	5	4	2	2	2	4	4	4	4	2	2	2	4	4	4	2	4	5	55	"1"	12	"Spain"	8	3	""	3	4	3	5	"int"	3.33333333333333	4.8	8	3	2	5	1
355	9	""	5	7	4	""	5	4	5	4	4	5	5	5	4	4	6	4	4	4	5	4	5	5	5	5	5	5	5	2	1	2	2	2	1	2	2	2	2	4	4	4	4	4	4	4	4	4	3	4	5	55	"2"	1	""	2	5	""	2	0	2	0	"swe"	3.83333333333333	1.8	2	2	2	5	5
357	4	""	5	1	2	""	5	4	5	4	6	5	5	5	5	2	3	5	5	4	4	4	5	5	2	2	2	2	2	5	4	5	5	5	5	1	1	1	1	2	2	1	4	2	5	5	5	5	5	5	5	43	"2"	1	""	8	5	""	4	0	1	0	"swe"	5	4.8	1	1	1	4	5
358	4	""	5	1	2	""	5	4	5	5	6	5	5	5	5	2	2	5	5	4	4	4	4	4	4	4	5	5	5	4	4	4	4	4	4	1	1	1	1	2	2	1	1	1	4	4	4	4	4	4	5	40	"2"	1	""	6	5	""	6	0	1	0	"swe"	4	4	1	1	1	4	5
359	4	""	5	1	2	""	5	5	5	6	5	5	5	5	5	2	3	4	4	4	4	4	4	4	4	4	4	4	4	4	4	2	4	2	4	1	1	1	1	1	1	1	1	1	4	4	4	3	3	3	5	41	"2"	1	""	5	5	""	5	1	1	0	"swe"	3.5	3.2	1	1	1	4	5
360	4	""	1	3	4	""	5	6	5	6	6	5	5	6	6	6	6	6	6	6	6	6	5	5	5	5	3	5	5	1	1	1	1	1	1	1	1	1	1	1	1	1	1	1	1	1	1	1	1	1	5	37	"2"	1	""	4	5	""	100	0	1	0	"swe"	1	1	1	1	1	NA	1
361	4	""	1	3	4	""	5	6	5	6	6	5	5	6	6	6	6	6	6	5	5	5	5	5	5	5	5	5	5	1	1	1	1	1	1	1	1	1	1	1	1	1	1	1	1	1	1	1	1	1	5	37	"1"	1	""	4	3	""	100	12	1	2	"swe"	1	1	3	2	2	5	1
362	4	""	1	1	3	""	4	4	3	4	3	4	5	4	5	4	2	3	3	4	4	3	4	4	2	4	4	4	4	5	5	4	5	4	4	4	2	4	3	2	4	3	2	2	2	4	4	3	4	3	5	39	"2"	10	""	7	7	""	4	0	2	0	"int"	3.33333333333333	4.6	2	2	2	4	1
363	4	""	1	1	3	""	5	6	5	6	6	5	5	5	6	3	3	3	3	5	5	5	5	5	5	5	5	5	5	3	3	3	3	3	3	3	3	3	3	3	3	3	3	3	3	3	3	3	3	3	4	44	"1"	10	""	5	5	""	5	0	2	0	"int"	3	3	2	2	2	5	1
364	4	""	5	1	6	""	5	4	4	4	3	5	5	3	4	3	6	5	5	4	4	3	5	5	5	5	5	5	3	3	3	3	4	3	3	1	1	1	1	2	1	1	2	2	3	4	4	4	2	1	5	38	"2"	1	""	6	5	""	4	1	1	0	"swe"	3	3.2	1	1	1	4	5
365	4	""	1	2	7	"Semester"	5	6	5	6	6	5	5	5	6	6	6	6	6	5	5	5	4	5	4	5	5	5	5	4	1	1	1	1	1	1	1	1	1	2	2	1	1	1	1	2	1	1	1	2	5	35	"2"	1	""	3	5	""	5	30	1	2	"swe"	1.33333333333333	1.6	3	2	2	5	1
366	4	""	1	2	1	""	5	6	5	6	6	5	5	5	6	6	6	6	6	5	5	5	5	5	5	5	5	5	5	1	1	1	1	1	1	1	1	2	1	2	2	1	1	1	1	1	1	1	1	1	5	33	"1"	1	""	2	6	""	5	6	12	0	"swe"	1	1	12	3	2	5	1
367	4	""	1	2	7	"Slottet, kyrkan"	5	6	5	6	6	5	5	5	6	6	6	6	6	5	5	5	5	5	5	5	5	5	5	1	1	1	1	1	1	1	1	1	1	2	2	1	1	1	1	1	1	1	1	1	5	63	"2"	1	""	2	3	""	6	0	1	0	"swe"	1	1	1	1	1	5	1
368	4	""	1	2	7	"Kyrkan, slottet"	5	6	5	6	6	5	5	5	6	6	6	6	4	4	4	4	5	5	5	5	5	5	5	1	1	1	1	1	1	1	1	1	1	1	1	1	1	1	1	1	1	1	1	1	5	65	"1"	1	""	2	3	""	5	0	2	0	"swe"	1	1	2	2	2	4	1
369	4	""	1	10	1	""	5	6	6	4	6	5	5	4	4	5	3	6	5	5	5	3	5	5	1	2	5	5	5	1	4	4	1	1	4	1	1	1	1	1	1	1	1	1	4	4	4	2	2	2	5	30	"2"	10	""	4	6	""	20	2	1	0	"int"	3	2.2	1	1	1	5	1
370	4	""	1	10	1	""	5	6	5	4	6	5	5	5	3	5	3	3	5	5	5	3	5	5	5	5	5	5	5	4	2	4	2	2	4	2	4	4	1	1	1	1	1	1	4	4	4	2	2	2	5	36	"1"	10	""	4	7	""	20	2	2	2	"int"	3	2.8	4	3	2	5	1
371	4	""	5	7	4	""	5	4	5	5	6	5	5	5	6	6	6	5	5	1	1	1	5	5	2	5	4	5	3	2	2	5	1	1	1	1	1	1	1	2	4	1	1	1	1	4	4	2	4	4	1	46	"2"	1	""	6	3	""	2	0	1	0	"swe"	3.16666666666667	2.2	1	1	1	1	5
372	4	""	5	7	4	""	5	4	5	5	6	5	5	5	5	6	6	5	5	1	1	1	5	5	5	5	5	5	5	1	1	5	1	1	1	1	3	1	1	1	2	1	1	1	2	4	1	1	4	4	1	41	"2"	1	""	7	6	""	2	2	1	0	"swe"	2.66666666666667	1.8	1	1	1	1	5
373	4	""	5	1	2	""	2	1	2	5	1	5	2	2	1	1	4	5	5	1	1	1	1	3	5	5	4	4	3	1	1	5	2	1	5	1	1	1	1	4	1	1	1	1	1	4	1	4	2	2	2	29	"2"	1	""	6	3	""	25	0	2	0	"swe"	2.33333333333333	2	2	2	2	1	5
374	4	""	5	1	2	""	4	1	4	5	1	5	2	2	1	1	4	5	5	1	1	1	2	4	2	5	4	4	3	2	2	5	4	1	4	1	1	1	1	2	1	1	1	1	1	2	2	2	2	2	2	34	"2"	1	""	6	3	""	23	0	0	0	"swe"	1.83333333333333	2.8	0	1	1	1	5
375	4	""	5	1	2	""	3	1	4	5	1	4	3	2	3	2	4	5	5	1	1	1	5	5	5	5	5	5	5	2	2	2	2	2	2	1	1	1	1	1	1	1	1	1	2	2	2	2	2	2	2	38	"1"	1	""	6	3	""	20	0	0	0	"swe"	2	2	0	1	1	1	5
376	4	""	5	1	2	""	5	5	5	2	1	4	1	5	5	1	1	5	5	1	1	1	5	5	4	5	5	3	3	1	1	1	4	1	1	1	1	1	1	1	1	1	1	1	1	1	1	1	1	1	4	34	"1"	1	""	6	3	""	1	0	1	1	"swe"	1	1.6	2	2	2	1	5
377	4	""	5	1	2	""	4	2	4	1	1	4	2	4	3	1	3	5	5	1	1	1	4	4	4	5	4	4	4	1	1	1	1	1	1	1	1	1	1	2	2	1	1	2	1	1	1	1	1	1	4	29	"2"	1	""	6	3	""	1	0	1	0	"swe"	1	1	1	1	1	1	5
378	4	""	5	1	2	""	5	4	2	5	1	5	5	5	5	1	3	5	5	4	4	4	5	5	5	5	5	5	5	1	4	1	4	1	4	1	1	1	1	1	1	2	1	1	1	1	1	1	1	1	5	35	"1"	1	""	6	5	""	10	2	1	2	"swe"	1	2.2	3	2	2	4	5
379	4	""	5	1	2	""	5	4	4	5	4	5	5	5	5	1	3	5	5	4	4	4	5	5	5	5	5	5	5	1	1	1	1	1	1	1	1	1	1	1	1	1	2	1	1	1	1	1	1	1	5	64	"2"	1	""	6	5	""	10	0	2	0	"swe"	1	1	2	2	2	4	5
380	4	""	5	1	2	""	5	4	4	4	2	5	5	5	5	1	3	5	5	5	5	5	5	5	5	5	5	5	5	1	1	1	4	1	1	1	1	1	1	1	1	1	1	1	1	1	1	1	1	1	5	33	"2"	1	""	6	5	""	10	0	1	0	"swe"	1	1.6	1	1	1	5	5
381	4	""	3	7	7	"Semester"	5	5	5	5	6	5	5	5	5	6	6	6	6	5	4	4	5	5	4	5	5	5	5	4	4	4	3	3	4	3	3	4	2	3	4	2	3	2	4	4	4	4	2	2	5	41	"1"	11	""	5	5	""	1	0	2	0	"int"	3.33333333333333	3.6	2	2	2	4	3
382	4	""	5	1	2	""	5	5	5	5	6	5	5	5	4	4	4	5	5	4	4	4	5	5	5	5	5	5	5	1	1	4	4	4	1	1	1	1	1	1	1	1	1	1	2	2	1	1	1	1	4	45	"1"	1	""	6	6	""	1	1	1	0	"swe"	1.33333333333333	2.8	1	1	1	4	5
383	4	""	5	1	4	""	5	5	5	5	6	5	5	5	6	6	6	5	5	4	4	4	5	5	5	5	5	5	5	1	1	4	4	1	1	1	1	1	1	2	1	1	1	1	1	1	1	1	1	1	4	47	"2"	1	""	7	5	""	1	1	1	0	"swe"	1	2.2	1	1	1	4	5
384	4	""	1	1	2	""	5	3	5	4	3	5	3	5	4	3	3	3	3	5	5	5	4	3	3	5	3	3	3	2	4	2	4	3	4	1	1	1	4	3	4	2	3	3	4	4	4	2	5	5	4	70	"2"	12	"Australia"	2	8	""	3	0	1	0	"int"	4	3	1	1	1	5	1
385	4	""	1	1	2	""	5	6	5	4	3	5	4	4	3	3	3	3	3	4	4	4	4	4	5	5	4	4	4	2	4	2	4	3	4	2	2	2	4	4	4	2	3	3	4	4	4	4	5	5	4	70	"1"	12	"Australia"	2	8	""	3	0	1	0	"int"	4.33333333333333	3	1	1	1	4	1
386	4	""	3	1	2	""	5	6	6	3	6	5	5	5	6	6	6	6	6	5	5	5	5	5	5	5	5	5	5	1	2	5	5	2	5	1	1	1	1	1	1	1	4	4	1	1	1	1	1	1	5	37	"2"	1	""	4	5	""	3	0	1	0	"swe"	1	3	1	1	1	5	3
387	4	""	3	1	2	""	6	4	6	4	6	5	5	5	3	6	6	6	6	4	4	4	4	2	5	5	4	5	5	1	4	2	4	2	4	1	1	1	1	1	4	1	4	1	1	4	1	1	1	2	5	60	"2"	7	""	3	5	""	20	0	1	0	"int"	1.66666666666667	2.6	1	1	1	4	3
388	4	""	5	1	2	""	5	5	5	5	6	5	5	5	5	4	6	5	5	4	4	4	2	5	5	5	5	5	3	1	4	4	4	1	3	1	1	1	1	2	4	1	3	1	1	4	1	1	1	4	5	59	"2"	1	""	4	4	""	20	0	2	0	"swe"	2	2.8	2	2	2	4	5
389	4	""	1	1	2	""	4	3	4	4	3	5	5	5	3	3	3	3	4	4	4	4	5	5	5	5	5	5	5	2	2	1	4	2	4	2	2	2	2	2	2	2	2	2	2	4	2	2	2	4	4	40	"1"	12	"Australia"	2	8	""	5	0	1	0	"int"	2.66666666666667	2.2	1	1	1	4	1
390	4	""	5	1	2	""	4	6	4	5	6	5	5	5	6	6	6	4	4	4	4	4	5	5	4	3	4	4	4	2	2	5	5	2	5	1	1	1	3	2	4	2	2	2	4	4	2	4	4	2	4	46	"2"	1	""	8	5	""	4	0	1	0	"swe"	3.33333333333333	3.2	1	1	1	4	5
391	4	""	4	1	2	""	4	4	4	4	6	5	5	4	6	6	6	6	6	4	4	4	5	5	5	5	5	5	5	2	2	4	4	2	4	1	1	1	1	2	2	1	2	2	2	4	4	2	2	2	4	48	"1"	1	""	8	5	""	4	0	2	0	"swe"	2.66666666666667	2.8	2	2	2	4	4
392	4	""	1	1	2	""	5	4	5	2	6	5	5	5	4	6	6	6	5	5	5	5	5	5	2	5	5	5	5	2	1	1	2	2	4	1	1	1	4	2	1	2	4	3	1	5	4	2	2	4	5	29	"2"	4	""	2	6	""	0	0	5	10	"int"	3	1.6	15	3	2	5	1
393	4	""	1	1	2	""	5	5	5	5	6	5	5	5	6	6	6	6	5	5	5	5	5	5	2	5	4	4	4	2	2	2	4	4	4	2	2	2	4	4	2	2	4	4	2	2	2	2	2	4	5	29	"2"	8	""	1	6	""	0	0	2	0	"int"	2.33333333333333	2.8	2	2	2	5	1
394	4	""	1	2	1	""	5	5	5	4	6	5	5	5	6	6	5	5	5	4	4	4	5	6	5	5	4	3	3	4	2	2	1	1	1	1	1	1	1	2	2	2	3	3	4	2	1	1	1	4	5	57	"1"	12	"Austria"	7	4	""	2	2	1	0	"int"	2.16666666666667	2	1	1	1	4	1
395	4	""	1	2	1	""	5	4	4	5	6	5	5	5	6	3	4	4	4	5	5	5	5	5	5	5	5	5	5	2	2	2	4	2	4	2	2	2	2	2	2	2	2	2	2	4	2	2	2	2	5	55	"2"	12	"Austria"	7	6	""	2	2	1	0	"int"	2.33333333333333	2.4	1	1	1	5	1
396	9	""	5	7	7	""	5	5	5	5	4	4	4	3	2	2	4	4	4	3	3	3	5	4	4	5	4	4	5	3	3	2	2	3	3	3	3	3	3	3	3	3	3	3	4	4	3	4	3	3	4	33	"1"	1	""	7	3	""	5	0	2	0	"swe"	3.5	2.6	2	2	2	3	5
397	4	""	1	2	1	""	4	4	4	4	6	4	4	4	6	3	3	4	4	5	5	5	5	5	5	5	5	5	5	2	2	2	2	2	2	1	1	1	1	1	1	1	1	1	2	2	2	2	2	2	5	20	"1"	12	"Austria"	7	3	""	1	0	1	0	"int"	2	2	1	1	1	5	1
398	4	""	1	2	1	""	5	4	4	4	6	5	5	5	6	3	5	4	4	5	5	5	5	5	5	4	5	5	5	2	2	2	2	2	2	2	2	2	2	2	2	2	2	2	2	2	2	2	2	2	5	18	"2"	12	"Austria"	7	3	""	2	0	1	0	"int"	2	2	1	1	1	5	1
399	4	""	1	2	1	""	5	4	4	5	6	5	5	5	6	3	3	5	5	5	5	5	5	5	5	3	5	5	5	2	2	2	2	2	2	2	2	3	2	2	2	2	2	2	2	2	2	2	2	2	5	18	"2"	12	"Austria"	7	3	""	3	0	1	0	"int"	2	2	1	1	1	5	1
403	9	""	5	365	7	"My home"	4	4	2	4	4	2	4	4	2	4	2	4	4	4	2	2	4	4	4	4	4	4	4	4	4	4	4	4	4	2	2	2	2	2	2	2	2	2	2	2	2	2	2	2	5	53	"1"	1	""	6	4	""	2	0	1	0	"swe"	2	4	1	1	1	2	5
404	9	""	5	90	7	"Bor harr"	5	4	5	5	1	4	5	4	2	2	2	1	5	4	4	4	5	5	5	5	5	5	5	4	4	3	4	3	4	5	5	5	1	5	2	1	2	3	4	5	5	4	2	4	5	44	"2"	1	""	7	3	""	5	0	2	0	"swe"	4	3.6	2	2	2	4	5
405	4	""	1	1	3	""	5	6	6	6	6	5	5	6	6	6	6	6	6	5	5	5	5	5	5	5	5	5	5	1	4	1	4	4	4	1	1	1	1	2	1	1	4	3	4	5	4	1	1	4	5	58	"1"	7	""	7	3	""	8	0	1	0	"int"	3.16666666666667	2.8	1	1	1	5	1
406	4	""	1	1	3	""	5	6	6	6	6	5	5	6	6	6	6	6	6	5	5	5	5	5	5	5	5	5	5	2	4	2	4	4	4	1	1	1	1	2	1	1	2	3	4	5	4	2	2	4	5	53	"2"	7	""	7	3	""	8	0	1	0	"int"	3.5	3.2	1	1	1	5	1
407	4	""	1	3	3	""	6	6	6	6	6	5	5	5	6	6	6	6	5	5	5	5	4	5	3	5	5	5	5	1	4	5	2	1	4	1	1	1	1	1	4	1	1	1	1	4	1	2	1	4	5	44	"2"	4	""	8	6	""	2	0	3	1	"int"	2.16666666666667	2.6	4	3	2	5	1
408	4	""	1	3	3	""	5	6	6	6	6	5	5	5	6	6	6	6	5	5	5	5	5	5	5	5	5	5	5	1	4	4	2	1	4	1	1	1	1	1	4	1	1	3	1	4	1	1	1	4	5	45	"1"	4	""	8	6	""	1	0	3	0	"int"	2	2.4	3	2	2	5	1
409	4	""	1	2	3	""	6	5	4	6	6	5	5	5	6	6	6	6	6	4	4	4	5	5	2	5	5	5	5	1	1	4	1	4	1	1	1	1	1	1	4	4	4	1	1	1	1	1	1	1	5	23	"1"	10	""	6	6	""	10	5	10	0	"int"	1	2.2	10	3	2	4	1
410	4	""	1	2	3	""	6	4	4	6	6	5	5	4	6	6	6	6	6	5	5	5	5	5	5	5	5	5	5	2	2	4	4	2	4	1	1	1	1	1	4	4	1	1	1	1	1	1	1	1	5	53	"2"	10	""	6	8	"Hi"	5	0	4	0	"int"	1	2.8	4	3	2	5	1
411	4	""	1	2	3	""	5	6	5	6	6	5	5	5	6	6	6	6	6	5	5	5	5	5	5	5	5	5	5	2	2	2	4	2	4	1	1	1	1	1	4	1	1	1	2	2	2	2	2	2	5	18	"2"	4	""	8	3	""	2	0	2	0	"int"	2	2.4	2	2	2	5	1
412	4	""	1	7	3	""	5	5	5	6	6	5	5	5	6	2	3	4	4	5	5	5	5	5	5	4	5	5	5	1	1	4	4	3	3	1	1	1	3	3	3	3	3	3	5	5	5	4	4	4	5	70	"1"	11	""	2	7	""	1	0	1	0	"int"	4.5	2.6	1	1	1	5	1
413	4	""	1	7	3	""	5	5	5	6	6	5	5	5	6	2	3	3	3	5	5	5	5	5	5	5	5	5	5	2	2	4	4	2	2	2	2	2	3	3	3	3	3	3	5	5	5	2	3	3	5	70	"2"	11	""	2	6	""	1	0	1	0	"int"	3.83333333333333	2.8	1	1	1	5	1
414	4	""	1	7	3	""	4	4	4	6	6	5	5	5	6	2	6	6	6	5	5	5	5	5	5	4	5	5	5	1	1	4	4	3	3	2	2	2	3	3	3	3	3	3	4	4	4	2	3	3	5	70	"2"	11	""	2	8	""	1	0	1	0	"int"	3.33333333333333	2.6	1	1	1	5	1
415	4	""	5	1	6	""	6	5	5	2	2	5	5	5	5	5	5	5	5	4	4	4	5	5	5	5	5	3	5	4	4	2	2	2	5	1	1	1	1	2	2	2	3	3	2	5	5	1	1	1	4	26	"1"	1	""	8	3	""	24	50	1	0	"swe"	2.5	2.8	1	1	1	4	5
416	4	""	1	1	2	""	4	2	3	3	3	5	5	5	3	3	3	3	3	4	4	4	5	3	5	6	5	3	5	5	5	5	5	5	4	1	1	1	2	4	4	3	3	3	2	4	2	2	2	2	5	61	"1"	12	"India"	1	6	""	24	0	1	0	"int"	2.33333333333333	5	1	1	1	4	1
417	4	""	1	1	2	""	4	3	4	3	3	5	5	5	3	3	3	3	3	5	5	5	5	5	5	5	5	3	3	4	4	4	4	4	4	1	1	1	1	3	3	1	3	3	4	4	4	4	2	2	5	55	"2"	12	"India"	1	6	""	20	0	1	0	"int"	3.33333333333333	4	1	1	1	5	1
418	4	""	1	1	2	""	4	3	4	3	3	5	5	5	3	3	3	3	3	5	5	5	5	5	5	5	5	5	5	4	4	4	4	4	4	2	2	2	1	2	2	2	3	3	4	4	4	3	3	3	5	27	"2"	12	"India"	1	7	""	20	0	1	0	"int"	3.5	4	1	1	1	5	1
419	4	""	2	1	2	""	4	3	4	5	3	5	5	5	3	3	3	3	3	4	4	4	5	5	5	4	5	5	4	1	1	1	1	1	1	1	1	1	1	4	1	1	1	1	4	4	1	1	1	1	5	45	"1"	1	""	8	5	""	5	0	1	0	"swe"	2	1	1	1	1	4	2
420	4	""	2	1	2	""	4	4	4	4	3	4	4	4	3	3	3	3	3	4	4	4	5	5	5	4	5	5	5	1	1	1	1	1	1	1	1	1	1	4	1	1	1	1	4	4	2	2	1	1	5	45	"2"	1	""	8	5	""	5	0	1	0	"swe"	2.33333333333333	1	1	1	1	4	2
421	4	""	1	12	2	""	5	4	5	5	6	5	5	5	5	1	3	5	5	5	5	5	4	3	5	5	3	5	3	4	3	2	3	3	4	1	1	1	1	1	4	1	3	3	5	4	2	2	3	2	5	61	"2"	10	""	5	7	""	2	3	1	0	"int"	3	3	1	1	1	5	1
422	4	""	1	12	2	""	5	5	5	5	6	5	5	5	5	1	3	3	3	5	5	5	5	5	5	5	5	5	5	2	2	4	2	2	4	2	2	2	2	4	2	2	3	3	5	4	2	2	2	2	5	63	"1"	10	""	5	7	""	3	0	1	0	"int"	2.83333333333333	2.4	1	1	1	5	1
423	4	""	5	1	6	""	5	2	5	4	1	5	5	5	5	3	3	5	5	4	4	4	5	5	5	5	5	5	5	1	1	4	5	1	4	1	1	1	2	1	1	4	1	1	5	1	1	2	1	1	5	34	"1"	1	""	4	5	""	2	3	1	0	"swe"	1.83333333333333	2.4	1	1	1	4	5
424	4	""	5	1	2	""	5	5	5	5	2	5	5	5	4	2	3	5	5	4	4	4	5	5	5	5	5	5	5	2	2	4	4	2	4	2	2	2	2	2	2	2	2	2	5	2	2	4	2	2	5	29	"2"	1	""	4	4	""	2	0	1	0	"swe"	2.83333333333333	2.8	1	1	1	4	5
425	4	""	4	5	4	""	5	3	5	4	6	5	5	5	3	3	3	5	5	4	4	4	5	5	5	5	4	5	5	1	1	4	4	1	1	1	1	1	1	4	2	1	1	1	4	4	1	1	1	4	4	65	"2"	1	""	5	5	""	5	0	2	0	"swe"	2.5	2.2	2	2	2	4	4
426	4	""	4	5	4	""	5	5	5	5	6	5	5	5	5	3	3	5	5	4	4	4	5	5	5	5	5	5	5	2	2	2	4	2	2	1	1	1	1	2	1	2	1	1	4	4	2	2	2	4	4	65	"1"	1	""	5	3	""	5	0	2	0	"swe"	3	2.4	2	2	2	4	4
427	4	""	1	14	2	""	6	2	6	4	6	5	5	5	6	6	6	3	5	3	3	3	5	3	2	5	3	5	5	1	4	5	4	3	2	1	1	1	3	3	3	3	2	3	1	2	1	1	3	4	5	39	"2"	10	""	6	5	""	2	0	1	0	"int"	2	3.4	1	1	1	3	1
428	4	""	1	14	2	""	6	2	6	4	6	5	5	5	6	6	6	6	5	3	3	3	5	3	2	5	5	5	5	2	4	4	4	3	2	2	2	2	2	2	2	3	3	3	2	4	2	2	3	3	4	41	"1"	10	""	6	5	""	2	0	1	0	"int"	2.66666666666667	3.4	1	1	1	3	1
429	4	""	3	1	2	""	5	3	5	5	6	5	5	4	6	3	3	3	3	5	5	5	5	3	3	5	3	3	5	1	1	1	1	1	4	2	2	2	2	1	4	3	3	3	1	1	1	1	1	1	5	37	"2"	12	"Lithuania"	2	3	""	10	5	3	0	"int"	1	1	3	2	2	5	3
430	4	""	3	10	2	""	4	6	4	6	6	5	5	5	6	6	6	6	4	4	4	4	5	5	3	5	5	5	5	2	2	2	2	2	4	2	2	2	2	2	2	2	2	2	1	1	1	1	1	1	5	60	"2"	12	"Lithuania"	2	5	""	10	0	1	0	"int"	1	2	1	1	1	4	3
431	4	""	1	1	2	""	4	3	4	4	3	5	5	4	3	3	3	3	4	4	4	4	4	4	4	4	4	4	4	3	3	3	3	3	3	2	2	2	2	2	2	2	2	2	3	3	3	3	3	3	4	41	"2"	2	""	6	3	""	2	0	1	0	"int"	3	3	1	1	1	4	1
432	4	""	2	1	2	""	4	2	4	4	3	5	5	5	3	3	3	3	4	4	4	4	5	5	5	5	5	5	5	2	2	2	2	2	4	1	1	1	1	1	1	1	1	1	2	4	2	2	2	2	4	51	"1"	12	"Singapore"	2	5	""	2	5	2	10	"int"	2.33333333333333	2	12	3	2	4	2
433	4	""	1	1	2	""	4	3	4	4	6	5	5	5	6	2	6	6	6	5	5	5	5	5	5	5	5	5	5	2	2	2	4	2	2	2	2	2	2	2	2	2	2	2	2	4	2	2	2	2	5	70	"1"	11	""	3	6	""	1	0	1	0	"int"	2.33333333333333	2.4	1	1	1	5	1
434	4	""	1	1	2	""	4	6	4	6	6	5	5	5	6	2	6	6	4	5	5	5	5	5	5	5	5	5	5	2	2	2	4	2	2	2	2	2	2	2	2	2	2	2	4	4	2	2	2	4	5	68	"2"	11	""	3	5	""	2	0	1	0	"int"	3	2.4	1	1	1	5	1
435	4	""	1	1	2	""	5	6	6	4	6	5	5	5	6	2	6	6	6	5	5	5	5	5	5	5	5	5	5	2	2	2	2	2	2	2	2	2	1	2	2	1	2	2	2	2	2	2	2	2	5	71	"1"	11	""	4	5	""	2	0	1	0	"int"	2	2	1	1	1	5	1
436	2	""	5	1	3	""	2	4	2	5	6	5	5	5	6	6	6	5	5	5	5	2	5	5	5	5	5	5	4	1	1	1	1	1	1	1	1	1	1	1	2	2	2	2	1	4	2	1	1	1	4	80	"1"	1	""	7	2	""	30	0	2	0	"swe"	1.66666666666667	1	2	2	2	5	5
437	2	""	5	1	3	""	2	4	4	5	6	5	5	5	6	6	6	5	5	5	5	5	5	5	5	5	5	5	5	1	1	1	1	1	1	1	1	1	1	2	2	2	2	2	1	1	1	1	1	1	4	75	"2"	1	""	7	2	""	30	0	2	0	"swe"	1	1	2	2	2	5	5
438	7	""	5	20	1	""	5	5	5	5	5	4	5	5	5	5	5	3	5	5	5	5	4	4	4	5	5	4	4	2	2	2	4	3	4	2	2	1	3	1	1	1	4	4	3	3	3	4	3	4	5	23	"2"	1	""	5	5	""	10	0	2	0	"swe"	3.33333333333333	2.6	2	2	2	5	5
439	7	""	5	37	4	""	5	6	4	5	6	5	6	5	5	6	4	5	6	4	4	4	5	5	5	5	5	5	5	2	2	4	5	2	2	1	1	1	1	1	1	4	5	5	2	2	2	2	2	2	5	24	"2"	1	""	2	5	""	3	3	3	0	"swe"	2	3	3	2	2	4	5
440	7	""	5	2	4	""	5	5	5	5	5	5	4	4	3	3	4	4	4	2	4	3	5	5	5	5	5	5	4	3	3	3	3	3	4	3	3	3	3	3	3	3	3	3	4	4	4	4	2	2	5	63	"2"	1	""	4	3	""	5	5	1	0	"swe"	3.33333333333333	3	1	1	1	4	5
441	11	"Oslo"	2	3	4	""	5	4	5	5	4	5	4	4	4	5	4	3	3	4	4	3	4	4	5	5	5	5	5	4	5	4	4	5	4	3	2	3	3	4	3	4	4	3	4	4	4	4	3	3	5	64	"1"	1	""	4	3	""	9	9	4	2	"swe"	3.66666666666667	4.4	6	3	2	4	2
442	11	"Falun"	1	5	7	"Music festival"	4	6	5	6	6	4	5	5	6	6	4	6	6	5	5	5	5	5	5	4	4	5	5	2	2	4	4	1	5	2	2	1	1	1	1	2	1	1	4	2	4	1	1	1	5	32	"1"	12	"Australia"	4	5	""	5	0	1	0	"int"	2.16666666666667	2.6	1	1	1	5	1
443	11	"Falun"	1	5	7	"Sabaton"	6	6	5	6	5	6	6	6	6	6	6	6	6	6	6	6	5	5	5	5	5	5	5	1	1	1	1	1	1	1	1	1	1	1	1	1	1	1	4	4	2	1	1	1	5	50	"1"	12	"Australia"	4	3	""	5	3	2	0	"int"	2.16666666666667	1	2	2	2	NA	1
444	1	""	1	4	2	""	4	5	4	5	4	4	4	4	4	4	4	6	6	4	4	4	4	4	4	4	4	4	4	2	2	2	2	2	2	2	2	2	2	2	2	2	2	2	2	2	2	2	2	2	5	35	"1"	9	""	8	4	""	5	0	3	1	"int"	2	2	4	3	2	4	1
445	1	""	1	3	1	""	4	5	4	5	4	3	3	4	4	4	5	6	6	5	5	5	5	4	4	4	5	5	5	4	4	3	2	3	5	3	3	3	2	2	2	3	2	2	4	4	2	2	2	2	4	36	"1"	9	""	8	3	""	7	2	1	1	"int"	2.66666666666667	3.2	2	2	2	5	1
446	7	""	5	1	2	""	5	5	5	5	5	5	5	5	5	4	4	3	5	5	5	4	5	5	5	5	5	5	5	5	5	4	4	4	5	1	2	2	2	1	1	2	2	1	5	5	4	4	4	4	5	33	"2"	1	""	3	5	""	12	4	2	0	"swe"	4.33333333333333	4.4	2	2	2	5	5
447	7	""	5	1	4	""	5	5	5	5	5	2	4	4	4	3	3	3	5	2	4	3	2	5	5	5	4	2	4	3	3	3	3	4	3	2	1	1	1	2	4	3	2	3	3	3	3	3	4	5	4	30	"2"	1	""	6	3	""	10	4	2	0	"swe"	3.5	3.2	2	2	2	4	5
448	7	""	4	2	4	""	5	5	5	5	5	4	5	4	4	3	2	5	5	3	2	2	4	5	5	5	4	5	5	1	1	3	3	3	4	2	2	2	4	4	2	2	4	4	3	4	4	3	2	3	4	29	"2"	1	""	4	6	""	10	2	4	0	"swe"	3.16666666666667	2.2	4	3	2	2	4
449	7	""	5	1	2	""	5	5	5	5	5	5	5	5	5	5	3	5	5	5	5	5	4	5	5	5	5	5	5	4	4	4	4	4	4	2	2	2	1	2	1	2	2	2	5	5	4	4	4	4	5	35	"1"	1	""	8	5	""	6	0	2	0	"swe"	4.33333333333333	4	2	2	2	5	5
450	2	""	3	4	4	""	5	5	5	5	5	5	5	4	4	5	5	3	5	2	4	3	4	4	4	4	4	4	4	4	4	4	4	4	2	1	1	1	1	1	1	1	1	1	5	5	1	1	1	1	5	39	"2"	1	""	6	4	""	2	0	1	0	"swe"	2.33333333333333	4	1	1	1	4	3
451	6	""	4	2	3	""	5	5	5	5	5	5	5	5	5	5	5	5	5	5	5	5	4	5	5	5	3	3	3	2	2	2	2	2	2	1	1	1	1	1	1	1	1	1	2	2	4	2	2	2	4	45	"2"	1	""	5	3	""	4	0	1	0	"swe"	2.33333333333333	2	1	1	1	5	4
452	7	""	5	1	2	""	5	5	5	5	5	5	5	5	5	5	5	5	5	5	5	5	4	5	4	4	4	5	5	5	5	5	5	5	5	2	4	4	2	4	4	4	2	2	5	5	5	4	4	5	4	52	"2"	1	""	4	3	""	8	0	1	0	"swe"	4.66666666666667	5	1	1	1	5	5
453	7	""	5	10	6	""	5	5	5	5	6	5	5	4	5	5	6	4	5	4	4	3	5	5	5	5	5	5	5	5	5	5	5	5	3	3	1	1	3	2	2	2	2	1	4	5	2	2	2	2	5	59	"1"	1	""	2	5	""	6	0	2	0	"swe"	2.83333333333333	5	2	2	2	4	5
454	7	""	5	10	1	""	5	5	5	5	5	5	4	4	4	5	4	5	5	5	4	1	4	4	5	5	5	3	5	3	3	4	4	4	3	1	1	4	3	4	4	3	3	3	4	4	4	4	3	4	4	62	"2"	1	""	3	7	""	3	2	2	0	"swe"	3.83333333333333	3.6	2	2	2	4	5
455	2	""	3	2	1	""	5	4	6	5	6	5	5	5	5	5	5	6	6	5	5	5	4	5	4	5	5	5	5	1	4	1	1	1	1	2	2	2	1	1	1	2	1	1	1	5	2	2	1	4	5	53	"2"	1	""	5	3	""	2	2	1	0	"swe"	2.5	1.6	1	1	1	5	3
456	7	""	1	5	7	""	5	5	5	5	5	4	4	4	6	6	3	6	6	2	6	6	4	2	6	4	4	4	4	5	5	5	5	5	5	4	3	2	3	4	4	3	3	4	3	4	3	2	2	2	4	65	"2"	11	""	5	6	""	1	0	1	0	"int"	2.66666666666667	5	1	1	1	NA	1
457	7	""	1	5	1	""	5	5	4	5	4	4	5	5	5	5	4	6	6	4	4	6	5	5	4	5	5	4	5	3	4	3	4	3	4	2	2	2	4	3	2	5	4	4	4	5	4	4	3	4	5	65	"1"	11	""	5	4	""	3	0	3	0	"int"	4	3.4	3	2	2	4	1
458	2	""	3	2	1	""	5	5	6	5	6	5	5	5	5	6	6	6	6	5	5	5	5	5	5	5	5	5	5	1	4	1	1	1	1	1	1	1	1	1	1	1	1	1	1	5	1	1	1	1	5	59	"1"	1	""	5	3	""	2	2	1	0	"swe"	1.66666666666667	1.6	1	1	1	5	3
459	2	""	1	1	2	""	5	4	6	5	6	5	5	2	5	5	6	6	6	5	5	5	5	5	4	5	5	5	5	4	2	1	1	1	1	1	1	1	1	4	1	1	1	1	4	2	1	1	1	1	5	46	"2"	12	"Czech Republic"	8	5	""	2	0	3	0	"int"	1.66666666666667	1.8	3	2	2	5	1
460	2	""	1	1	2	""	5	4	6	5	6	5	5	2	5	5	6	6	6	5	5	5	5	5	5	5	5	5	5	1	1	1	1	1	1	1	1	1	1	1	1	1	1	1	4	2	1	1	1	1	5	49	"1"	12	"Czech Republic"	8	5	""	2	0	3	0	"int"	1.66666666666667	1	3	2	2	5	1
461	2	""	1	1	2	""	5	4	6	5	6	5	5	4	4	6	6	6	6	5	5	5	5	5	5	5	5	5	5	1	1	1	1	1	1	1	1	1	1	1	1	1	1	1	1	1	1	1	1	1	5	18	"2"	12	"Czech Republic"	8	3	""	2	0	3	0	"int"	1	1	3	2	2	5	1
462	7	""	5	5	1	""	5	5	5	5	5	5	5	5	5	5	5	5	5	5	5	5	5	5	5	5	5	5	5	2	2	2	2	2	2	1	1	1	1	1	1	1	1	1	2	2	2	2	2	2	5	35	"1"	1	""	6	4	""	4	3	1	0	"swe"	2	2	1	1	1	5	5
463	2	""	1	1	2	""	5	4	6	5	6	5	5	4	6	6	6	6	6	5	5	5	5	5	5	5	5	5	5	1	1	1	1	1	1	1	1	1	1	1	1	1	1	1	1	1	1	1	1	1	5	19	"2"	12	"Czech Republic"	8	3	""	2	0	3	0	"int"	1	1	3	2	2	5	1
464	7	""	1	2	4	""	4	5	4	4	3	5	5	5	6	6	6	6	5	5	5	6	5	5	5	5	5	5	5	4	4	4	4	4	4	1	1	1	1	1	1	1	1	1	1	1	1	1	1	1	5	25	"2"	12	"Oesterreich"	3	6	""	3	0	3	0	"int"	1	4	3	2	2	5	1
465	7	""	1	2	1	""	5	5	6	5	6	5	5	5	5	6	6	6	6	5	5	5	5	5	5	5	5	5	5	4	4	4	5	5	4	5	5	5	5	5	5	5	5	5	4	5	4	4	2	4	5	27	"2"	12	"Austria"	3	6	""	4	0	4	0	"int"	3.83333333333333	4.4	4	3	2	5	1
466	2	""	2	1	2	""	5	5	5	5	6	5	5	5	6	6	6	6	5	5	5	5	5	5	6	2	2	3	5	4	4	4	1	1	5	1	1	1	1	1	1	4	4	4	1	5	1	1	1	4	5	39	"2"	2	""	8	6	""	3	0	1	0	"int"	2.16666666666667	2.8	1	1	1	5	2
467	7	""	3	3	4	""	5	5	6	5	5	5	4	4	4	6	6	4	6	4	4	6	4	3	4	5	4	4	4	5	5	5	5	5	5	4	4	4	4	4	4	5	5	4	5	5	4	4	4	5	5	66	"2"	1	""	4	5	""	7	0	1	0	"swe"	4.5	5	1	1	1	4	3
468	7	""	5	31	6	""	4	4	4	4	4	4	4	4	2	2	4	2	4	4	2	2	4	2	2	2	2	4	4	3	3	3	3	3	3	3	3	3	3	3	3	3	3	3	3	3	3	3	3	3	4	52	"1"	12	"Estonia"	3	8	""	1	2	1	0	"int"	3	3	1	1	1	2	5
469	2	""	2	1	2	""	5	5	5	5	6	5	5	5	6	6	6	6	5	5	5	5	5	5	5	2	5	5	5	2	2	4	1	1	4	1	1	4	1	1	1	1	1	1	1	4	1	1	1	4	5	50	"1"	2	""	8	6	""	3	0	1	0	"int"	2	2	1	1	1	5	2
470	2	""	5	1	2	""	5	5	5	5	6	5	5	5	5	5	6	5	5	5	5	5	5	5	5	5	5	5	5	1	5	1	1	4	1	1	1	1	1	4	1	1	4	1	2	4	1	1	1	4	5	42	"2"	1	""	4	5	""	5	1	2	0	"swe"	2.16666666666667	2.4	2	2	2	5	5
471	7	""	1	5	1	""	5	5	5	5	6	5	5	5	6	6	6	6	6	5	5	5	5	5	5	5	5	5	5	4	4	4	4	4	3	2	2	2	2	2	2	2	2	2	2	4	2	2	2	2	4	65	"1"	10	""	7	7	""	10	12	3	2	"int"	2.33333333333333	4	5	3	2	5	1
472	7	""	1	5	1	""	5	5	5	5	6	5	5	5	5	5	5	6	5	5	5	6	2	2	2	3	2	2	2	4	4	4	4	4	4	2	2	2	2	2	2	2	2	2	4	4	2	2	2	2	4	64	"2"	10	""	7	3	""	3	0	2	0	"int"	2.66666666666667	4	2	2	2	5	1
473	7	""	1	5	1	""	5	4	5	5	4	4	5	4	4	3	4	6	4	4	4	4	5	4	4	4	4	4	4	4	4	3	4	3	3	3	2	2	2	2	2	2	2	2	2	2	2	2	2	2	4	35	"1"	10	""	3	6	""	5	4	3	0	"int"	2	3.6	3	2	2	4	1
474	2	""	5	1	2	""	5	5	5	5	6	5	5	5	5	5	6	5	5	5	5	5	5	5	5	5	5	5	5	2	4	1	1	4	1	1	1	1	1	1	1	1	4	1	2	4	1	1	1	4	5	45	"1"	1	""	4	5	""	5	2	1	0	"swe"	2.16666666666667	2.4	1	1	1	5	5
475	7	""	1	5	1	""	5	5	5	5	6	5	5	5	6	6	3	6	5	4	4	4	5	5	5	5	5	5	5	4	4	4	4	4	5	1	1	1	1	1	2	2	2	2	2	4	2	1	1	1	5	40	"2"	10	""	6	6	""	2	0	2	0	"int"	1.83333333333333	4	2	2	2	4	1
476	2	""	1	1	2	""	5	5	5	5	6	5	5	5	6	5	5	6	6	5	5	4	5	5	5	5	5	5	5	4	4	4	4	4	4	2	2	2	4	1	4	4	4	4	5	5	5	2	2	2	4	62	"2"	12	"Finland"	3	5	""	100	0	0	0	"int"	3.5	4	0	1	1	5	1
477	7	""	5	1	2	""	5	5	5	5	5	5	5	5	5	5	3	5	5	5	5	4	5	5	5	5	5	5	5	5	5	4	4	4	5	1	1	1	1	1	1	2	2	1	4	4	4	4	4	4	5	29	"1"	1	""	4	5	""	8	8	2	4	"swe"	4	4.4	6	3	2	5	5
478	2	""	1	1	2	""	5	5	5	5	6	5	5	5	6	5	6	6	6	5	5	5	5	5	5	5	5	5	5	4	4	4	2	2	4	2	2	2	2	2	2	2	2	2	4	4	2	2	2	2	5	35	"2"	12	"India"	2	5	""	2	0	1	0	"int"	2.66666666666667	3.2	1	1	1	5	1
479	2	""	1	1	2	""	4	4	6	5	6	5	5	5	6	5	6	6	5	5	5	5	4	4	5	5	5	5	5	5	5	5	4	5	5	2	2	2	4	4	4	2	4	4	3	5	4	4	4	5	5	39	"2"	2	""	8	6	""	5	1	2	0	"int"	4.16666666666667	4.8	2	2	2	5	1
480	9	""	5	1	3	""	5	5	5	5	6	5	5	5	5	5	5	5	5	5	5	6	5	5	5	5	5	5	5	2	2	2	2	2	2	1	1	1	1	1	1	1	1	1	4	4	2	2	2	2	5	32	"1"	1	""	6	5	""	5	2	1	0	"swe"	2.66666666666667	2	1	1	1	5	5
481	7	""	5	6	1	""	6	5	5	5	6	5	5	5	5	5	6	6	6	5	5	6	5	5	5	5	5	5	5	3	3	3	3	3	3	1	1	1	1	1	1	1	1	1	1	1	1	1	1	1	5	57	"1"	1	""	4	1	""	10	0	2	0	"swe"	1	3	2	2	2	5	5
482	7	""	4	6	4	""	5	5	5	5	5	5	5	4	5	3	3	5	5	5	6	6	5	5	5	5	5	5	5	3	1	1	1	1	1	1	1	1	1	1	1	1	1	1	4	4	4	1	1	1	5	54	"2"	1	""	6	2	""	7	0	1	0	"swe"	2.5	1.4	1	1	1	NA	4
483	2	""	2	1	2	""	5	4	4	4	6	5	5	5	6	5	6	6	5	5	5	5	5	5	5	5	5	5	5	4	4	4	2	4	4	2	2	2	4	4	4	4	4	4	2	5	2	2	2	5	5	18	"2"	2	""	8	3	""	3	0	2	0	"int"	3	3.6	2	2	2	5	2
484	2	""	1	1	2	""	5	4	5	5	6	5	5	5	6	5	6	6	5	5	5	5	5	5	5	5	5	5	5	4	4	4	4	4	4	2	2	2	4	4	4	4	4	4	2	5	4	2	2	5	5	19	"2"	2	""	8	3	""	4	0	2	0	"int"	3.33333333333333	4	2	2	2	5	1
485	2	""	1	3	3	""	4	6	4	5	6	5	5	5	6	6	6	5	5	5	5	5	5	5	5	5	5	5	5	5	5	2	1	4	5	2	2	2	1	1	4	4	4	3	1	4	1	1	4	4	5	18	"1"	11	""	5	3	""	2	0	2	0	"int"	2.5	3.4	2	2	2	5	1
486	7	""	5	4	1	""	5	5	5	5	5	5	2	2	4	3	2	3	4	2	4	4	4	4	5	5	5	5	5	2	4	4	4	4	4	2	2	2	2	2	2	2	2	2	2	4	2	2	1	1	5	31	"2"	1	""	5	5	""	5	18	0	0	"swe"	2	3.6	0	1	1	4	5
487	7	""	5	1	2	""	5	5	5	5	5	5	5	3	3	3	3	6	4	1	2	2	3	2	5	4	3	3	3	3	4	2	1	1	1	3	2	2	2	3	3	3	3	2	3	4	5	5	3	3	2	20	"1"	1	""	4	3	""	5	0	1	0	"swe"	3.83333333333333	2.2	1	1	1	2	5
488	2	""	1	1	3	""	4	6	4	5	6	5	5	5	6	6	6	6	6	5	5	5	2	5	2	4	4	4	5	1	1	1	1	1	1	1	4	1	1	1	1	4	4	4	2	1	1	1	1	1	5	40	"2"	12	"Spain"	2	6	""	4	4	1	2	"int"	1.16666666666667	1	3	2	2	5	1
489	7	""	5	1	2	""	5	5	5	5	5	5	4	4	5	5	1	4	5	5	5	2	4	5	5	5	5	5	5	5	5	4	5	5	1	1	1	1	2	1	1	1	1	1	5	5	5	5	5	5	5	65	"1"	1	""	2	5	""	1	0	2	0	"swe"	5	4.8	2	2	2	5	5
490	7	""	5	10	2	""	5	5	5	5	5	4	5	5	5	6	5	2	5	4	2	2	5	5	5	5	5	5	5	4	2	4	5	1	5	1	1	1	1	2	1	1	1	1	4	4	4	4	5	5	4	60	"1"	1	""	7	5	""	5	24	3	1	"swe"	4.33333333333333	3.2	4	3	2	2	5
491	2	""	1	1	3	""	4	4	4	5	6	5	5	5	6	6	6	6	6	5	5	5	4	5	2	5	5	5	5	1	1	1	1	1	1	1	4	2	2	2	2	2	4	4	2	2	1	1	1	1	5	40	"1"	12	"Spain"	2	6	""	3	2	2	0	"int"	1.33333333333333	1	2	2	2	5	1
492	2	""	1	1	3	""	4	6	4	5	6	5	5	5	6	6	6	6	6	5	5	5	4	5	2	5	5	5	5	1	1	1	1	1	1	2	4	1	1	2	2	2	4	4	1	2	1	1	1	1	5	20	"2"	12	"Spain"	2	3	""	3	0	2	0	"int"	1.16666666666667	1	2	2	2	5	1
493	7	""	5	2	4	""	5	5	5	5	3	5	4	4	5	5	2	5	5	5	5	4	5	5	5	5	5	5	5	5	5	5	4	5	5	1	1	1	2	2	1	4	4	1	5	5	5	5	5	5	5	68	"1"	1	""	5	4	""	8	0	2	0	"swe"	5	4.8	2	2	2	5	5
494	2	""	1	1	3	""	4	6	4	4	6	5	5	5	6	6	6	6	6	5	5	5	4	5	2	5	5	5	5	2	2	2	2	2	2	2	4	2	2	2	2	2	4	4	2	2	2	2	1	1	5	19	"2"	12	"Spain"	2	3	""	3	0	2	0	"int"	1.66666666666667	2	2	2	2	5	1
495	2	""	2	1	2	""	4	5	4	5	6	5	5	5	6	6	6	6	5	5	5	5	5	5	5	2	5	5	5	4	4	4	4	1	4	2	2	4	1	2	2	4	1	1	4	4	1	1	1	1	5	66	"2"	12	"Ireland"	2	3	""	3	0	2	0	"int"	2	3.4	2	2	2	5	2
496	2	""	1	1	2	""	4	4	4	4	6	5	5	5	6	6	6	6	5	5	5	5	5	5	5	2	5	5	5	4	4	4	4	4	4	2	2	4	2	2	2	2	2	2	2	2	2	2	2	2	5	30	"2"	12	"Ireland"	2	3	""	3	0	5	0	"int"	2	4	5	3	2	5	1
497	2	""	1	1	2	""	4	6	6	5	6	5	5	5	6	6	6	6	6	5	5	5	5	5	2	2	4	4	4	5	5	5	2	4	2	2	4	4	1	2	1	1	1	1	4	4	4	4	2	2	4	34	NA	12	"Australia"	1	7	""	7	0	5	15	"int"	3.33333333333333	4.2	20	3	2	5	1
498	2	""	1	1	2	""	4	4	4	4	6	5	5	5	6	6	6	6	6	5	5	5	4	4	2	2	4	4	4	4	4	4	4	4	2	2	4	4	2	2	2	4	4	4	4	4	4	2	2	2	4	37	"2"	1	""	4	6	""	6	0	3	0	"swe"	3	4	3	2	2	5	1
499	2	""	2	1	4	""	6	4	6	4	6	4	4	5	6	6	6	6	6	4	4	3	4	4	4	5	4	4	4	2	2	2	2	2	2	2	2	2	1	1	1	1	1	1	4	4	2	2	2	4	4	25	"1"	12	"Austria"	4	6	""	14	10	3	10	"int"	3	2	13	3	2	4	2
500	2	""	5	1	4	""	4	4	4	5	4	4	4	4	6	6	6	6	6	4	2	2	4	4	4	4	4	4	4	2	2	2	2	2	2	2	2	2	2	2	2	2	2	2	4	4	4	4	2	4	2	23	"2"	12	"Austria"	4	5	""	7	0	3	0	"int"	3.66666666666667	2	3	2	2	2	5
501	2	""	1	3	4	""	5	4	5	6	6	5	5	5	6	6	6	6	6	5	5	5	5	5	5	5	5	5	5	1	1	1	1	1	1	1	1	1	1	1	1	1	1	1	1	1	1	1	1	1	5	74	"2"	4	""	3	6	""	5	0	5	0	"int"	1	1	5	3	2	5	1
502	2	""	1	3	4	""	5	5	5	6	6	5	5	5	6	6	6	6	6	5	5	5	5	5	5	5	5	5	5	1	1	1	1	1	1	1	1	1	1	1	1	1	1	1	1	1	1	1	1	1	5	74	"1"	4	""	3	6	""	5	0	5	0	"int"	1	1	5	3	2	5	1
503	2	""	5	1	2	""	5	5	5	5	6	5	5	5	6	6	6	6	6	5	5	5	5	5	5	5	5	5	5	1	1	1	1	1	1	1	1	1	1	1	1	1	1	1	1	2	1	1	1	1	5	71	"2"	1	""	4	5	""	5	0	3	0	"swe"	1.16666666666667	1	3	2	2	5	5
504	2	""	5	1	2	""	5	5	5	5	6	5	5	5	6	6	6	6	5	5	5	5	5	5	5	5	5	5	5	1	1	1	1	1	1	1	1	1	1	1	1	1	1	1	1	1	1	1	1	1	5	75	"1"	1	""	4	5	""	4	0	3	0	"swe"	1	1	3	2	2	5	5
505	2	""	1	1	2	""	6	5	6	6	6	5	5	5	6	6	6	6	6	4	4	4	5	5	6	5	5	6	5	1	1	4	4	1	4	1	1	1	1	1	4	1	1	1	4	4	4	4	4	4	5	24	"2"	10	""	8	4	""	2	0	2	0	"int"	4	2.2	2	2	2	4	1
506	2	""	1	1	2	""	6	5	6	5	6	5	5	5	6	6	6	6	6	4	4	4	5	5	6	5	5	5	5	1	1	4	4	1	1	2	2	2	1	1	1	1	1	1	4	4	4	4	2	4	5	24	"1"	10	""	8	4	""	2	0	2	0	"int"	3.66666666666667	2.2	2	2	2	4	1
507	2	""	5	1	2	""	5	5	5	5	5	5	5	5	5	5	5	5	5	5	4	2	5	5	4	5	4	5	5	5	5	4	4	4	4	1	1	1	1	1	1	1	1	1	4	4	4	4	2	2	4	46	"2"	1	""	8	3	""	1	10	3	0	"swe"	3.33333333333333	4.4	3	2	2	4	5
508	2	""	5	1	2	""	3	3	3	3	3	3	3	3	3	3	3	3	3	3	3	3	3	3	3	3	3	3	3	3	3	3	3	3	3	3	3	3	3	3	3	3	3	3	3	3	3	3	3	3	3	51	"1"	1	""	8	7	""	0	0	3	3	"swe"	3	3	6	3	2	3	5
509	2	""	3	1	2	""	5	4	4	5	6	5	5	5	6	6	6	6	6	5	5	6	5	5	5	6	5	5	5	4	4	4	4	4	3	2	1	1	1	1	2	2	1	1	2	2	2	2	2	1	5	39	"2"	10	""	5	6	""	10	10	1	0	"int"	1.83333333333333	4	1	1	1	5	3
510	2	""	3	1	2	""	5	6	5	5	6	6	6	5	6	5	6	6	5	5	5	5	5	5	5	5	5	5	5	1	1	1	1	1	1	1	1	1	1	1	1	1	1	1	1	1	1	1	1	1	5	74	"2"	1	""	4	5	""	3	0	1	0	"swe"	1	1	1	1	1	5	3
511	2	""	3	1	2	""	5	6	5	5	6	5	5	5	6	5	6	6	5	5	5	5	5	5	5	5	5	5	5	1	1	1	1	1	1	1	1	1	1	1	1	1	1	1	1	1	1	1	1	1	5	74	"1"	1	""	4	5	""	3	0	1	0	"swe"	1	1	1	1	1	5	3
512	2	""	3	3	4	""	6	6	6	5	5	5	5	5	3	6	6	6	6	5	5	5	5	5	5	5	5	5	5	1	1	1	1	1	1	1	1	1	1	1	1	1	1	1	1	1	1	1	1	1	5	24	"2"	3	""	8	6	""	4	0	3	0	"int"	1	1	3	2	2	5	3
513	2	""	5	1	2	""	4	2	4	5	5	5	5	5	4	6	6	5	5	4	4	4	5	5	5	5	5	5	5	1	1	1	1	1	1	1	1	1	1	1	1	1	1	1	1	1	1	1	1	1	5	24	"2"	3	""	8	5	""	7	0	3	0	"int"	1	1	3	2	2	4	5
514	2	""	5	1	2	""	5	5	5	5	5	5	5	5	5	5	6	5	5	5	5	5	5	5	5	5	5	5	5	1	1	1	1	1	1	1	1	1	1	1	1	1	1	1	1	1	1	1	1	1	5	24	"2"	3	""	8	5	""	4	0	4	0	"int"	1	1	4	3	2	5	5
515	2	""	3	3	4	""	5	5	5	5	4	5	5	5	5	6	6	6	5	5	5	5	5	5	5	5	5	5	5	1	1	1	1	1	1	1	1	1	1	1	1	1	1	1	1	1	1	1	1	1	5	21	"2"	1	""	2	3	""	4	0	1	0	"swe"	1	1	1	1	1	5	3
516	2	""	5	4	4	""	5	4	5	5	4	5	5	5	5	6	6	5	5	5	5	5	5	5	5	5	5	5	5	1	1	1	1	1	1	1	1	1	1	1	1	1	1	1	2	2	2	2	2	2	5	21	"2"	1	""	2	5	""	6	0	2	0	"swe"	2	1	2	2	2	5	5
517	2	""	5	1	4	""	6	5	6	5	5	5	5	5	5	6	6	6	6	5	5	5	5	5	5	5	5	5	5	1	1	1	1	1	1	1	1	1	1	1	1	1	1	1	1	1	1	1	1	1	5	23	"2"	1	""	4	3	""	4	0	1	0	"swe"	1	1	1	1	1	5	5
518	2	""	5	2	4	""	5	5	5	5	5	5	5	5	5	6	6	6	5	5	5	2	5	5	5	5	5	5	5	2	2	2	4	2	2	2	2	2	2	2	2	2	2	2	2	4	4	2	2	4	5	25	"1"	1	""	5	6	""	4	0	1	0	"swe"	3	2.4	1	1	1	5	5
519	2	""	5	1	4	""	5	4	5	5	4	5	5	5	5	6	6	5	5	5	5	4	5	5	5	5	5	5	5	1	1	1	1	1	1	1	1	1	1	1	1	1	1	1	1	1	1	1	1	1	5	24	"2"	1	""	3	5	""	5	0	1	0	"swe"	1	1	1	1	1	5	5
520	2	""	4	1	4	""	5	4	5	5	6	5	5	5	6	6	6	6	5	5	5	5	5	5	5	5	5	5	5	1	1	1	1	1	1	1	1	1	1	1	1	1	1	1	1	1	1	1	1	1	5	26	"1"	1	""	3	5	""	4	2	1	0	"swe"	1	1	1	1	1	5	4
521	2	""	5	1	4	""	5	5	5	5	5	5	5	5	5	5	6	5	5	5	5	4	5	5	5	5	5	5	5	1	1	1	1	1	1	1	1	1	1	1	1	1	1	1	1	1	1	1	1	1	5	24	"2"	1	""	7	5	""	5	0	1	0	"swe"	1	1	1	1	1	5	5
522	2	""	4	1	4	""	6	5	5	5	6	5	5	5	5	5	6	6	5	5	5	4	5	5	5	5	5	5	5	1	1	1	4	1	1	1	1	1	1	1	1	1	1	1	2	2	2	2	2	2	5	28	"1"	1	""	7	5	""	5	2	1	0	"swe"	2	1.6	1	1	1	5	4
523	2	""	5	1	4	""	6	4	5	5	5	5	5	5	4	6	6	5	5	5	5	4	5	5	5	5	5	5	5	2	2	2	2	2	2	2	2	2	2	2	2	2	2	2	2	2	2	2	2	2	4	25	"2"	1	""	4	5	""	4	0	1	0	"swe"	2	2	1	1	1	5	5
524	2	""	4	1	4	""	5	4	5	5	5	5	5	5	6	6	6	5	5	5	5	2	5	5	5	5	5	5	5	2	2	2	2	2	2	1	1	1	1	1	1	1	1	1	1	1	1	1	1	1	5	26	"2"	1	""	4	5	""	3	0	1	0	"swe"	1	2	1	1	1	5	4
525	2	""	3	1	4	""	6	5	6	5	5	5	5	5	6	6	6	5	5	5	5	3	5	5	5	5	5	5	5	2	2	2	2	2	2	2	2	2	2	2	2	2	2	2	2	2	2	2	2	2	5	25	"2"	1	""	5	5	""	4	0	2	0	"swe"	2	2	2	2	2	5	3
526	2	""	4	2	4	""	6	4	5	5	5	5	5	5	5	6	6	5	5	5	5	3	5	5	5	5	5	5	5	2	2	2	2	2	2	2	2	2	2	2	2	2	2	2	2	2	2	2	2	2	5	23	"2"	1	""	5	5	""	3	0	2	0	"swe"	2	2	2	2	2	5	4
527	2	""	4	1	4	""	4	4	4	5	4	5	5	5	4	6	6	4	4	5	5	3	5	5	5	5	5	5	5	1	1	1	1	1	1	1	1	1	1	1	1	1	1	1	1	1	1	1	1	1	5	22	"2"	1	""	5	4	""	3	0	1	0	"swe"	1	1	1	1	1	5	4
528	2	""	4	1	2	""	5	5	5	5	5	5	5	5	5	6	6	5	5	5	5	5	5	5	5	5	5	5	5	1	1	1	1	1	1	1	1	1	1	1	1	1	1	1	1	1	1	1	1	1	5	24	"2"	1	""	5	4	""	4	0	2	0	"swe"	1	1	2	2	2	5	4
529	2	""	5	2	4	""	5	4	5	5	5	5	5	5	5	5	6	5	5	5	5	5	5	5	5	5	5	5	5	2	2	2	2	2	2	2	2	2	2	2	2	2	2	2	2	2	2	2	2	2	5	25	"2"	1	""	5	3	""	3	0	2	0	"swe"	2	2	2	2	2	5	5
530	2	""	4	2	4	""	5	5	5	5	5	5	5	5	5	5	6	6	5	5	5	5	5	5	5	5	5	5	5	1	1	1	1	1	1	1	1	1	1	1	1	1	1	1	1	1	1	1	1	1	4	24	"2"	1	""	3	4	""	3	0	2	0	"swe"	1	1	2	2	2	5	4
531	2	""	5	1	2	""	5	5	5	5	6	5	5	5	5	6	6	5	5	5	5	5	5	5	5	5	5	5	5	4	2	2	4	2	4	2	2	2	2	2	2	2	2	2	2	2	2	2	2	1	5	24	"2"	1	""	4	4	""	3	0	1	0	"swe"	1.83333333333333	2.8	1	1	1	5	5
532	9	""	2	5	4	""	3	2	4	4	2	5	5	5	4	3	4	6	4	2	4	3	5	4	4	5	5	4	4	2	2	2	4	4	4	2	2	2	2	4	2	2	2	2	2	4	2	2	2	4	5	43	"1"	3	""	4	5	""	4	3	1	1	"int"	2.66666666666667	2.8	2	2	2	4	2
533	9	""	2	3	1	""	4	2	4	5	2	6	6	4	4	6	4	4	4	4	4	4	5	5	4	4	5	4	5	4	4	4	4	4	4	2	2	2	3	4	2	2	2	4	2	4	2	4	2	4	4	23	"2"	1	""	5	5	""	6	2	2	1	"swe"	3	4	3	2	2	4	2
534	2	""	2	1	2	""	4	4	4	4	6	4	4	4	6	6	6	6	4	4	4	3	5	5	5	5	5	5	5	2	2	2	2	2	2	2	2	2	2	2	2	2	2	2	2	2	2	2	2	2	5	22	"1"	8	""	1	3	""	3	0	3	0	"int"	2	2	3	2	2	4	2
535	2	""	2	1	2	""	4	4	6	5	6	4	4	5	6	6	6	6	5	5	5	3	5	5	5	5	5	5	5	2	2	2	2	2	2	2	2	2	2	2	2	2	2	2	2	2	2	2	2	2	5	22	"2"	8	""	1	5	""	2	0	2	0	"int"	2	2	2	2	2	5	2
536	2	""	2	1	2	""	5	3	5	5	6	5	5	5	6	6	6	6	5	5	5	3	5	5	5	5	5	5	5	2	2	2	2	2	2	2	2	2	2	2	2	2	2	2	1	1	1	1	1	1	5	22	"2"	8	""	2	3	""	3	0	4	0	"int"	1	2	4	3	2	5	2
537	2	""	5	1	4	""	5	4	5	5	6	5	5	5	6	5	6	5	5	5	5	3	5	5	5	5	5	5	5	1	1	1	1	1	1	1	1	1	1	1	1	1	1	1	2	2	2	2	2	2	5	52	"1"	1	""	7	3	""	4	3	2	0	"swe"	2	1	2	2	2	5	5
538	2	""	2	1	2	""	6	4	6	5	6	4	4	5	6	6	6	6	5	5	5	5	5	5	5	5	5	5	5	1	1	1	1	1	1	1	1	1	1	1	1	1	1	1	1	1	1	1	1	1	5	21	"2"	1	""	2	3	""	3	0	1	0	"swe"	1	1	1	1	1	5	2
539	2	""	5	1	2	""	5	5	5	5	6	5	5	5	5	5	6	5	5	5	5	5	5	5	5	5	5	5	5	2	2	2	2	2	2	1	1	1	1	1	1	1	1	1	2	4	2	2	2	2	5	72	"2"	1	""	8	3	""	3	0	1	0	"swe"	2.33333333333333	2	1	1	1	5	5
540	2	""	5	1	2	""	5	5	5	5	6	5	5	5	5	5	6	5	5	5	5	5	5	5	5	5	5	5	5	2	2	2	2	2	4	1	1	1	1	1	1	1	1	1	2	2	2	2	2	2	5	76	"1"	1	""	8	3	""	3	0	2	0	"swe"	2	2	2	2	2	5	5
541	2	""	5	1	6	""	5	5	5	5	5	5	5	5	5	5	6	5	5	5	5	5	5	5	5	5	5	5	5	1	1	1	1	1	1	1	1	1	1	1	1	1	1	1	1	1	1	1	1	1	5	49	"2"	1	""	8	3	""	3	15	3	4	"swe"	1	1	7	3	2	5	5
542	2	""	2	2	4	""	6	5	6	5	5	5	5	5	5	6	6	6	5	5	5	5	5	5	5	5	5	5	5	1	1	1	1	1	1	1	1	1	1	1	1	1	1	1	1	1	1	1	1	1	5	22	"2"	1	""	5	3	""	2	0	1	0	"swe"	1	1	1	1	1	5	2
543	2	""	3	1	4	""	5	5	5	5	6	5	5	5	5	5	6	6	5	5	5	5	5	5	5	5	5	5	5	4	2	4	4	4	2	1	1	1	1	1	1	1	1	1	1	1	1	1	1	1	5	47	"2"	1	""	8	3	""	4	0	1	0	"swe"	1	3.6	1	1	1	5	3
544	2	""	3	1	4	""	6	6	6	5	6	5	5	5	5	6	6	6	5	5	5	5	5	5	5	5	5	5	5	1	1	1	1	1	1	1	1	1	1	1	1	1	1	1	1	1	1	1	1	1	5	55	"2"	1	""	2	5	""	10	4	1	0	"swe"	1	1	1	1	1	5	3
545	2	""	2	1	4	""	6	6	6	5	6	5	5	5	5	6	6	6	5	5	5	5	5	5	5	5	5	5	5	1	1	1	1	1	1	1	1	1	1	1	1	1	1	1	1	1	1	1	1	1	4	53	"1"	1	""	2	3	""	12	0	1	0	"swe"	1	1	1	1	1	5	2
546	2	""	3	2	4	""	4	5	4	5	6	5	5	5	5	6	6	6	5	5	5	5	5	5	5	5	5	5	5	1	1	1	1	1	1	1	1	1	1	1	1	1	1	1	1	1	1	1	1	1	5	22	"2"	1	""	7	3	""	3	0	1	0	"swe"	1	1	1	1	1	5	3
547	2	""	2	1	2	""	4	4	4	5	6	4	4	4	6	6	6	6	4	5	5	5	5	5	5	5	5	5	5	1	1	1	1	1	1	1	1	1	1	1	1	1	1	1	1	1	1	1	1	1	5	53	"2"	2	""	2	3	""	2	2	2	0	"int"	1	1	2	2	2	5	2
548	2	""	2	1	2	""	4	4	4	4	6	4	4	4	6	6	6	6	6	4	4	4	5	5	5	5	5	5	5	1	1	1	1	1	1	1	1	1	1	1	1	1	1	1	1	1	1	1	1	1	5	50	"1"	2	""	2	5	""	3	3	2	0	"int"	1	1	2	2	2	4	2
549	2	""	3	1	2	""	5	5	5	5	6	5	5	5	5	6	6	6	5	5	5	5	5	5	5	5	5	5	5	2	2	2	2	2	2	1	1	1	1	1	1	1	1	1	1	1	1	1	1	1	5	52	"1"	6	""	3	3	""	2	4	2	0	"int"	1	2	2	2	2	5	3
550	2	""	3	1	2	""	5	5	5	5	6	5	5	5	5	6	6	5	5	5	5	5	5	5	5	5	5	5	5	4	2	2	2	2	4	2	2	2	2	2	2	2	2	2	2	2	2	2	2	2	5	50	"2"	6	""	3	5	""	2	0	2	0	"int"	2	2.4	2	2	2	5	3
551	2	""	3	1	2	""	5	4	5	5	6	4	4	4	4	6	6	6	4	5	5	5	5	5	5	5	5	5	5	1	1	1	1	1	1	1	1	1	1	1	1	1	1	1	1	1	1	1	1	1	5	19	"1"	6	""	3	3	""	1	0	2	0	"int"	1	1	2	2	2	5	3
552	2	""	1	1	2	""	6	4	6	4	6	4	4	4	6	6	6	6	6	5	5	5	5	5	5	5	5	5	5	1	1	1	1	1	1	1	1	1	1	1	1	1	1	1	1	1	1	1	1	1	5	22	"2"	7	""	3	3	""	2	0	3	0	"int"	1	1	3	2	2	5	1
553	2	""	2	1	2	""	6	6	6	5	6	5	5	5	6	6	6	6	5	5	5	5	5	5	5	5	5	5	5	1	1	1	1	1	1	1	1	1	1	1	1	1	1	1	1	1	1	1	1	1	5	20	"1"	2	""	2	3	""	3	0	3	0	"int"	1	1	3	2	2	5	2
554	7	""	5	5	1	""	5	5	5	5	5	5	5	5	5	4	4	5	5	5	5	4	4	4	5	5	4	5	5	5	5	4	4	5	5	2	1	1	2	4	4	1	2	2	5	5	5	5	4	5	4	67	"1"	1	""	4	4	""	8	0	1	0	"swe"	4.83333333333333	4.6	1	1	1	5	5
555	1	""	3	1	3	""	5	5	5	5	5	5	5	5	5	5	5	5	5	5	5	3	5	5	5	5	5	5	5	4	4	4	4	2	2	1	1	1	1	1	1	1	1	1	4	4	4	4	4	4	5	32	"2"	1	""	7	5	""	4	0	1	0	"swe"	4	3.6	1	1	1	5	3
556	1	""	3	5	4	""	4	4	3	3	4	4	4	4	4	4	4	5	5	4	4	4	4	5	5	5	4	4	4	3	4	4	4	3	4	3	4	4	4	3	4	4	4	4	5	4	4	3	2	2	4	41	"1"	1	""	2	4	""	4	0	2	0	"swe"	3.33333333333333	3.6	2	2	2	4	3
557	11	"Lulea"	5	1	3	""	5	5	5	5	5	4	6	2	5	4	5	5	5	4	5	4	5	5	5	5	5	5	5	4	5	4	5	5	5	1	1	1	1	2	2	2	2	2	4	5	1	1	4	4	5	51	"2"	1	""	5	4	""	10	0	7	0	"swe"	3.16666666666667	4.6	7	3	2	5	5
558	1	""	5	3	4	""	5	5	5	5	6	4	4	3	6	4	6	4	5	3	3	3	5	5	6	5	5	3	3	4	2	4	4	3	4	2	3	4	2	2	2	3	3	4	4	4	4	2	2	2	4	71	"2"	1	""	3	5	""	15	0	0.5	0	"swe"	3	3.4	0.5	1	1	3	5
559	7	""	5	1	2	""	4	6	4	6	5	5	4	3	3	2	2	3	3	2	4	3	5	5	4	4	4	4	5	4	4	5	2	4	3	2	2	4	1	2	2	2	2	2	5	5	4	4	2	2	5	23	"2"	1	""	4	3	""	20	0	2	0	"swe"	3.66666666666667	3.8	2	2	2	4	5
560	7	""	2	4	1	""	5	5	5	5	6	5	5	5	4	6	6	6	5	4	4	6	4	4	4	5	5	5	5	2	2	5	5	4	5	3	3	3	3	3	3	3	3	4	4	4	4	1	1	4	5	29	"2"	1	""	6	6	""	2	0	1	0	"swe"	3	3.6	1	1	1	4	2
561	7	""	2	4	1	""	5	4	5	5	4	5	4	5	5	4	4	4	5	4	6	6	4	4	4	5	4	4	5	4	5	3	4	3	5	4	3	1	3	5	3	5	3	3	4	2	3	4	3	1	5	32	"1"	1	""	6	3	""	2	3	2	2	"swe"	2.83333333333333	3.8	4	3	2	NA	2
562	11	"Gavle"	5	1	1	""	5	5	5	5	5	5	3	4	4	3	3	3	5	1	3	1	5	5	5	5	5	5	5	4	4	3	3	3	3	1	1	1	3	3	1	2	3	3	4	4	4	4	1	2	5	59	"2"	1	""	8	3	""	10	0	1	0	"swe"	3.16666666666667	3.4	1	1	1	3	5
563	11	"Gavle"	5	2	1	""	5	5	5	5	5	4	4	4	4	5	6	5	5	3	3	1	4	4	4	4	4	4	4	3	3	3	3	4	4	4	4	2	3	3	2	1	2	2	4	4	4	4	2	4	4	59	"2"	1	""	7	3	""	8	4	1	0	"swe"	3.66666666666667	3.2	1	1	1	3	5
564	11	"Enkoping"	5	5	6	""	2	1	2	3	1	4	4	5	4	3	1	3	3	4	4	4	5	4	4	4	4	4	4	4	4	3	3	4	3	3	3	1	1	1	2	1	2	1	2	2	2	2	2	2	4	24	"2"	1	""	6	5	""	4	4	1	0	"swe"	2	3.6	1	1	1	4	5
565	11	"Enkoping"	5	6	1	""	5	5	5	5	5	5	5	4	5	4	4	4	4	4	4	4	5	5	5	5	5	5	5	3	3	3	4	3	4	1	1	1	1	1	1	1	1	1	1	1	1	1	1	1	5	26	"1"	1	""	6	4	""	4	365	0	1	"swe"	1	3.2	1	1	1	4	5
566	7	""	5	3	7	"Studier för sonen"	5	5	3	5	3	5	5	4	3	3	3	3	3	5	4	4	5	5	5	5	5	5	5	4	4	5	4	4	5	2	2	2	2	4	2	2	2	2	4	4	4	4	2	2	5	48	"2"	3	""	3	6	""	2	1	3	2	"int"	3.33333333333333	4.2	5	3	2	4	5
567	7	""	5	2	4	""	5	5	5	5	6	5	5	4	6	6	6	6	4	3	3	2	5	5	5	5	5	5	5	4	5	4	4	4	4	1	1	1	1	1	1	1	1	1	4	4	3	2	3	2	5	18	"1"	3	""	3	3	""	1	0	2	0	"int"	3	4.2	2	2	2	3	5
568	7	""	5	1	2	""	3	4	6	4	4	5	5	4	5	4	6	5	5	4	4	3	5	5	5	5	3	3	3	3	4	4	3	3	4	1	1	1	1	1	1	1	1	1	3	4	3	3	3	3	5	33	"2"	1	""	2	3	""	15	2	1	0	"swe"	3.16666666666667	3.4	1	1	1	4	5
569	11	""	3	10	2	""	5	5	4	5	4	5	5	5	4	1	3	5	5	3	4	3	5	5	5	5	5	5	5	4	4	3	3	4	3	4	5	4	4	4	5	4	5	5	4	3	3	3	3	3	5	26	"1"	1	""	2	5	""	5	0	2	0	"swe"	3.16666666666667	3.6	2	2	2	4	3
570	7	""	5	4	4	""	4	5	4	5	4	5	4	4	2	2	1	1	4	2	5	2	2	4	2	5	4	2	1	4	2	2	4	2	1	3	3	3	1	1	2	3	3	3	4	4	3	4	3	4	4	18	"2"	1	""	8	2	""	2	0	1	0	"swe"	3.66666666666667	2.8	1	1	1	5	5
571	7	""	5	4	4	""	4	2	5	5	5	5	5	5	5	5	3	2	5	3	4	3	5	5	5	3	5	5	5	1	1	1	1	1	1	1	1	4	3	3	1	1	1	1	4	2	2	2	2	2	4	18	"1"	1	""	5	3	""	2	1	2	0	"swe"	2.33333333333333	1	2	2	2	4	5
572	7	""	2	12	7	"Ferien"	5	5	5	5	6	4	4	4	6	6	6	6	4	4	4	6	5	4	5	5	5	5	5	5	5	5	5	5	5	1	1	1	2	2	2	2	2	2	2	2	2	2	2	2	5	60	"2"	9	""	8	3	""	50	20	3	0	"int"	2	5	3	2	2	4	2
573	7	""	2	12	7	"Ferien"	5	5	5	5	6	5	4	4	6	6	6	6	4	4	4	6	5	5	5	5	5	5	5	5	5	5	5	5	5	1	1	1	2	2	2	2	2	2	2	2	2	2	2	2	5	59	"1"	9	""	8	3	""	300	300	3	2	"int"	2	5	5	3	2	4	2
574	7	""	2	3	1	""	5	5	5	5	5	4	4	4	4	5	2	5	5	4	6	6	5	5	5	5	5	5	5	2	2	2	4	4	4	1	1	1	1	4	1	1	1	1	4	4	4	4	4	4	5	33	"1"	6	""	5	5	""	2	0	3	0	"int"	4	2.8	3	2	2	NA	2
575	7	""	1	5	1	""	5	5	5	5	5	5	5	5	5	4	4	5	5	5	5	5	5	4	5	5	5	5	5	5	5	5	5	5	5	2	1	1	2	4	2	4	4	4	4	4	4	4	4	4	5	35	"2"	8	""	5	5	""	4	8	2	0	"int"	4	5	2	2	2	5	1
577	7	""	2	3	1	""	5	5	5	5	5	5	5	5	5	5	5	5	5	5	5	5	4	4	4	5	5	5	5	5	5	4	4	5	5	2	1	1	2	4	2	4	4	4	5	5	4	4	4	4	5	33	"1"	8	""	1	6	""	6	4	2	4	"int"	4.33333333333333	4.6	6	3	2	5	2
578	7	""	1	2	1	""	5	5	5	5	6	4	5	5	5	4	2	5	5	4	4	4	4	4	4	4	4	5	5	5	5	5	4	5	5	2	2	2	4	4	2	4	4	4	5	5	5	5	5	5	5	67	"1"	8	""	4	3	""	8	0	2	0	"int"	5	4.8	2	2	2	4	1
579	7	""	5	1	2	""	5	5	5	5	5	5	4	4	4	4	3	4	4	3	4	2	4	4	4	4	4	4	4	2	4	2	3	4	1	2	2	2	2	2	2	2	2	2	1	1	1	1	1	1	4	25	"1"	1	""	4	5	""	10	2	10	1	"swe"	1	3	11	3	2	4	5
580	9	""	5	9999999	7	"Bor harr"	1	5	4	2	3	5	6	6	4	1	2	3	2	5	2	3	4	5	3	1	2	6	5	1	4	2	3	4	5	1	2	4	2	5	3	2	5	1	1	4	3	3	5	2	4	27	"1"	1	""	5	8	"Folkhogskola"	4	0	3	0	"swe"	3	2.8	3	2	2	2	5
581	9	""	1	1	2	""	5	4	5	5	6	5	5	4	6	2	6	6	6	5	5	6	5	5	6	5	5	5	5	4	4	4	4	4	4	4	2	2	2	1	2	2	2	2	4	4	4	5	4	5	5	36	"1"	12	"Russia"	1	6	""	0	2	3	3	"int"	4.33333333333333	4	6	3	2	5	1
582	9	""	1	1	2	""	5	5	5	3	3	5	5	5	3	2	3	3	3	3	5	3	5	5	6	6	5	5	5	4	4	4	3	3	3	2	2	2	3	2	2	2	3	3	3	4	4	2	3	4	5	36	"2"	12	"Russia"	1	1	""	0	0	3	0	"int"	3.33333333333333	3.6	3	2	2	5	1
583	9	""	2	1	2	""	6	4	5	5	6	5	5	5	6	6	4	6	4	4	5	4	5	4	5	5	5	5	5	4	4	4	4	4	4	2	2	2	2	4	4	2	2	4	2	2	2	2	2	2	5	46	"2"	12	"Russia"	2	5	""	1	1	1	1	"int"	2	4	2	2	2	5	2
584	9	""	1	1	2	""	4	4	5	5	6	3	4	4	6	6	6	6	6	5	5	5	5	5	6	6	5	5	5	3	4	4	4	3	4	4	4	4	4	4	4	4	3	3	3	4	4	3	3	3	5	49	"1"	12	"Estonia"	8	3	""	5	1	1	1	"int"	3.33333333333333	3.6	2	2	2	5	1
586	6	""	4	0	2	""	4	5	4	4	4	4	4	4	4	4	2	4	4	2	4	3	4	4	4	5	5	5	5	4	5	4	4	4	4	4	2	2	2	4	2	4	5	2	4	5	4	4	4	5	5	28	"1"	1	""	4	5	""	10	0	5	0	"swe"	4.33333333333333	4.2	5	3	2	4	4
587	6	""	5	1	7	"Studies"	3	5	5	5	4	5	4	4	5	3	3	3	3	2	3	2	5	5	3	2	5	5	5	3	3	4	4	4	4	2	3	4	2	4	2	2	3	4	4	4	4	4	2	4	4	22	"2"	1	""	5	5	""	1	3	2	0	"swe"	3.66666666666667	3.6	2	2	2	3	5
588	6	""	5	1	2	""	4	3	5	5	4	4	4	4	4	3	3	3	3	3	4	2	5	4	3	3	4	4	3	2	3	2	3	3	3	2	2	3	4	4	1	3	3	4	1	1	1	2	1	1	5	25	"2"	1	""	5	5	""	5	0	1	0	"swe"	1.16666666666667	2.6	1	1	1	4	5
589	6	""	5	7	4	""	2	4	2	4	4	4	4	2	4	4	2	3	2	1	2	1	2	4	2	5	2	4	2	2	2	2	2	2	4	2	4	2	4	4	4	4	4	3	4	4	4	5	4	4	4	24	"2"	8	""	6	8	"Currently doing BA"	3	0	1	0	"int"	4.16666666666667	2	1	1	1	2	5
590	6	""	4	1	6	""	4	5	4	5	5	4	2	3	3	3	4	3	3	2	1	1	4	3	3	2	3	3	4	5	5	5	5	4	4	3	3	4	5	5	3	4	4	2	4	4	5	4	3	4	2	24	"1"	1	""	5	6	""	10	5	4	0	"swe"	4	4.8	4	3	2	1	4
591	6	""	5	1	4	""	6	5	3	5	5	5	4	4	3	4	4	6	4	2	4	2	5	5	5	5	5	5	5	3	4	4	4	3	4	3	2	1	3	4	2	4	3	3	2	3	3	4	4	4	5	23	"2"	1	""	4	5	""	10	1	2	0	"swe"	3.33333333333333	3.6	2	2	2	4	5
592	6	""	3	1	2	""	4	5	4	4	4	4	4	4	4	6	4	3	5	2	2	2	4	3	3	4	3	2	3	4	4	2	4	4	4	4	3	2	3	4	3	4	4	4	2	4	4	4	2	2	5	27	"2"	1	""	5	5	""	5	2	2	0	"swe"	3	3.6	2	2	2	2	3
594	6	""	5	10	4	""	2	2	4	3	2	1	2	2	2	3	3	3	3	1	1	1	4	4	6	4	4	4	4	3	4	4	4	2	5	3	3	2	2	5	4	3	5	5	4	5	5	5	5	5	5	26	"2"	1	""	2	6	""	5	1	2	0	"swe"	4.83333333333333	3.4	2	2	2	1	5
595	6	""	2	2	4	""	4	5	5	5	5	5	6	4	3	6	6	3	3	2	2	2	4	6	3	5	4	3	4	3	3	2	4	3	4	2	2	1	4	4	2	3	4	4	2	2	2	2	2	2	5	26	"2"	1	""	3	5	""	5	0	5	0	"swe"	2	3	5	3	2	2	2
596	11	"Lund"	2	2	6	""	5	4	4	5	3	4	4	4	2	3	4	3	4	3	2	3	4	4	3	4	4	3	4	3	2	2	3	2	3	2	2	2	2	4	2	4	3	4	2	4	2	4	2	4	5	26	"2"	1	""	3	3	""	3	1	2	0	"swe"	3	2.4	2	2	2	2	2
598	9	""	3	5	6	""	5	2	4	4	6	4	4	4	2	6	2	6	4	4	4	4	4	2	2	2	4	4	4	4	4	4	4	4	4	4	4	4	2	4	2	2	2	4	2	4	4	4	4	2	4	24	"2"	1	""	2	5	""	7	5	1	0	"swe"	3.33333333333333	4	1	1	1	4	3
599	9	""	2	21	6	""	4	2	4	4	2	4	4	4	4	2	2	6	4	2	4	4	4	4	4	4	4	4	4	2	4	3	4	2	4	2	2	2	4	4	2	4	2	2	4	4	2	2	2	4	4	21	"1"	12	"Italy"	4	3	""	1	0	1	0	"int"	3	3	1	1	1	4	2
600	6	""	1	2	4	""	3	5	3	5	5	5	5	5	4	6	6	6	6	4	2	6	5	4	3	5	5	4	5	4	3	4	3	3	4	1	2	1	4	4	2	4	2	4	2	4	2	2	1	1	5	26	"2"	1	""	2	6	""	5	1	5	10	"swe"	2	3.4	15	3	2	2	1
602	6	""	5	1	2	""	3	5	6	5	3	6	6	5	6	6	6	6	6	5	5	6	6	5	4	5	5	5	5	5	5	5	5	5	5	4	2	2	3	3	3	4	3	2	4	5	3	1	1	4	5	47	"2"	2	""	7	5	""	1	0	1	0	"int"	3	5	1	1	1	5	5
603	6	""	5	1	2	""	3	5	3	4	3	4	4	4	3	3	3	3	3	4	4	3	4	4	4	4	5	5	5	3	3	3	3	3	3	2	2	2	3	3	3	4	3	1	3	4	2	2	3	3	5	18	"2"	2	""	7	3	""	1	0	1	0	"int"	2.83333333333333	3	1	1	1	4	5
604	6	""	1	1	2	""	5	3	5	4	3	3	3	4	3	3	3	3	3	4	4	3	5	5	4	5	5	5	5	4	4	3	4	4	3	2	2	1	4	4	3	4	3	1	3	3	3	3	3	3	5	26	"2"	10	""	4	6	""	30	0	1	0	"int"	3	3.8	1	1	1	4	1
605	6	""	1	1	2	""	5	3	5	4	3	4	4	5	3	3	3	3	3	4	4	3	4	5	4	5	5	4	5	4	4	1	1	1	1	1	1	1	2	4	3	2	3	2	3	3	3	3	3	3	5	63	"1"	10	""	4	5	""	20	0	1	0	"int"	3	2.2	1	1	1	4	1
606	6	""	1	0	2	""	5	3	4	4	3	3	3	5	3	3	3	3	3	4	4	3	4	5	4	5	5	4	5	4	4	3	4	1	1	1	2	1	3	3	4	3	3	1	3	3	3	3	3	3	5	63	"2"	10	""	4	5	""	25	0	1	0	"int"	3	3.2	1	1	1	4	1
607	6	""	2	1	2	""	5	3	5	5	3	5	5	5	3	3	3	3	3	5	5	5	4	5	4	5	4	4	5	5	5	1	1	5	1	1	1	1	4	2	2	3	3	1	3	5	5	4	1	1	5	49	"2"	8	""	8	5	""	4	0	2	0	"int"	3.16666666666667	3.4	2	2	2	5	2
608	6	""	1	1	2	""	5	3	5	5	3	5	5	5	3	3	3	3	3	5	5	5	5	5	4	4	5	4	5	5	5	1	1	5	1	1	1	1	2	3	1	3	4	1	3	5	5	3	1	1	5	51	"1"	12	"Ireland"	8	3	""	5	0	2	0	"int"	3	3.4	2	2	2	5	1
609	6	""	1	1	2	""	4	3	4	5	3	5	5	4	3	3	3	3	3	3	3	3	4	4	5	5	5	5	5	4	4	4	4	4	4	1	1	1	1	1	1	1	1	1	1	1	1	1	1	1	3	32	"1"	4	""	1	6	""	1	6	1	4	"int"	1	4	5	3	2	3	1
610	6	""	3	1	2	""	4	3	3	4	3	4	4	4	3	3	3	3	3	4	4	3	4	4	4	4	4	4	4	4	4	4	4	4	4	1	1	1	1	1	1	1	1	1	1	1	1	1	1	1	3	31	"2"	4	""	1	6	""	2	4	1	2	"int"	1	4	3	2	2	4	3
611	6	""	5	1	3	""	4	5	2	5	3	3	3	4	5	3	4	6	6	5	5	2	5	5	2	5	5	5	5	4	4	1	4	1	1	1	4	2	3	1	1	1	1	1	2	2	2	2	2	2	5	18	"2"	1	""	3	2	""	4	0	4	0	"swe"	2	2.8	4	3	2	5	5
612	6	""	5	2	3	""	5	3	5	5	5	5	5	5	5	3	3	3	5	5	5	2	5	5	5	5	5	2	5	3	3	3	3	3	3	1	1	1	4	1	4	2	2	2	4	5	4	4	5	4	5	73	"2"	1	""	4	7	""	4	0	4	0	"swe"	4.33333333333333	3	4	3	2	5	5
613	6	""	1	1	2	""	5	3	5	5	3	5	5	5	3	3	3	3	3	5	5	3	2	5	4	5	5	4	5	3	4	3	3	3	3	1	2	1	1	4	4	1	2	1	4	5	4	2	2	2	5	57	"2"	12	"Kanada"	4	5	""	1	0	2	0	"int"	3.16666666666667	3.2	2	2	2	5	1
614	6	""	1	1	2	""	5	3	4	4	3	3	3	5	3	3	3	3	3	4	4	2	2	5	4	5	5	4	5	4	4	1	3	4	1	1	1	1	2	4	5	4	3	4	4	5	4	2	2	2	5	59	"1"	12	"Kanada"	4	5	""	1	0	2	0	"int"	3.16666666666667	3.2	2	2	2	4	1
615	3	""	1	15	4	""	3	2	5	4	2	5	5	5	5	6	2	6	6	5	5	5	5	5	5	5	5	5	5	4	4	4	4	4	4	1	1	1	1	1	1	2	1	1	2	2	2	2	2	2	5	19	"2"	12	"Brazil"	2	5	""	0	0	0	0	"int"	2	4	0	1	1	5	1
616	3	""	1	3	1	""	5	2	4	1	4	5	5	5	4	4	4	4	5	5	5	5	5	4	5	5	2	4	5	5	4	2	5	5	5	1	1	1	1	1	5	2	1	1	1	2	2	1	4	4	5	33	"1"	10	""	8	5	""	8	4	6	2	"int"	2.33333333333333	4.2	8	3	2	5	1
617	3	""	1	2	4	""	5	1	5	4	2	5	5	5	4	4	4	4	4	5	5	5	4	4	4	4	4	4	4	4	4	2	4	4	4	2	1	1	2	4	2	2	2	2	4	4	4	4	4	4	4	29	"2"	10	""	7	5	""	5	0	3	0	"int"	4	3.6	3	2	2	5	1
618	3	""	2	1	4	""	4	1	4	2	1	5	5	5	5	4	4	4	4	4	5	5	5	4	5	5	4	4	4	4	4	4	4	4	4	1	1	1	1	2	2	2	2	2	4	4	4	4	4	5	5	22	"1"	1	""	5	5	""	3	0	2	0	"swe"	4.16666666666667	4	2	2	2	5	2
619	3	""	1	2	1	""	4	2	4	4	2	5	5	4	4	4	4	4	4	4	5	5	5	5	5	5	5	5	5	5	5	4	5	4	4	2	1	1	2	4	2	4	4	2	4	5	5	5	5	5	5	24	"2"	2	""	4	5	""	2	1	1	0	"int"	4.83333333333333	4.6	1	1	1	5	1
620	3	""	1	0	1	""	4	4	4	4	6	5	5	5	5	4	6	4	4	5	5	5	5	4	5	5	4	4	5	5	5	4	5	4	5	2	1	1	2	2	2	3	3	2	4	4	4	4	5	5	5	32	"1"	4	""	5	6	""	5	3	3	3	"int"	4.33333333333333	4.6	6	3	2	5	1
621	3	""	3	0	4	""	5	4	5	4	6	5	5	5	4	4	4	4	4	4	4	4	5	4	5	5	4	4	4	5	5	5	5	5	5	2	2	2	2	2	2	2	2	2	4	4	4	4	4	5	5	42	"2"	1	""	5	6	""	6	3	3	2	"swe"	4.16666666666667	5	5	3	2	4	3
623	3	""	1	1	1	""	5	2	4	4	2	5	5	5	5	4	4	4	5	4	5	5	5	4	5	5	4	4	4	4	4	4	4	4	4	2	2	1	2	4	2	3	3	2	4	4	4	4	4	4	5	35	"2"	1	""	5	5	""	5	0	1	0	"swe"	4	4	1	1	1	5	1
624	3	""	1	1	3	""	4	3	4	4	6	5	5	5	4	4	3	4	4	5	5	5	4	3	5	5	4	4	4	4	4	3	4	4	4	4	1	1	3	4	2	3	3	2	5	5	5	5	5	5	4	29	"1"	5	""	2	6	""	3	1	3	0	"int"	5	3.8	3	2	2	5	1
625	3	""	1	2	1	""	4	1	4	4	2	5	5	5	4	4	2	4	4	4	5	5	5	5	5	5	5	5	5	5	5	4	5	4	5	2	1	1	1	2	2	2	2	2	4	4	4	4	5	5	5	46	"1"	10	""	5	5	""	4	5	3	0	"int"	4.33333333333333	4.6	3	2	2	5	1
626	3	""	1	3	4	""	4	3	4	4	3	5	5	5	5	3	3	3	3	5	5	5	5	5	5	5	5	5	5	4	4	3	4	3	4	3	1	1	2	2	2	2	3	2	4	5	4	4	4	5	5	40	"1"	12	"India"	2	5	""	1	0	1	0	"int"	4.33333333333333	3.6	1	1	1	5	1
627	3	""	2	1	1	""	5	1	4	4	2	5	5	5	5	4	3	4	4	5	5	5	5	5	5	5	5	5	5	4	4	3	4	3	4	2	2	2	3	2	3	4	3	2	4	4	4	4	4	5	5	26	"2"	1	""	5	6	""	4	2	2	0	"swe"	4.16666666666667	3.6	2	2	2	5	2
628	3	""	1	1	4	""	5	4	4	4	2	5	5	5	4	3	2	3	3	4	4	5	4	4	5	5	4	4	5	5	5	3	4	3	5	2	1	1	2	2	2	2	2	2	4	4	4	5	5	5	5	22	"2"	12	"Spain"	4	5	""	3	0	2	0	"int"	4.5	4	2	2	2	4	1
629	3	""	2	1	4	""	4	1	4	4	2	5	5	5	5	4	2	4	4	4	5	5	4	4	5	5	4	4	4	4	4	4	4	2	4	2	1	1	2	2	2	2	2	2	2	4	4	4	5	5	5	24	"1"	1	""	4	5	""	4	0	2	0	"swe"	4	3.6	2	2	2	5	2
630	3	""	1	1	3	""	4	4	4	4	6	5	5	5	5	4	6	6	6	4	5	5	5	4	5	5	4	4	4	5	5	4	5	4	5	3	1	1	3	2	2	4	4	2	4	4	4	4	4	4	5	36	"2"	10	""	4	6	""	5	2	3	1	"int"	4	4.6	4	3	2	5	1
631	3	""	1	2	4	""	4	2	4	4	6	5	5	5	5	4	2	6	6	5	5	5	4	4	5	5	5	5	5	4	4	4	4	4	4	2	1	1	2	2	2	2	2	2	4	5	5	4	4	5	5	38	"1"	12	"Russia"	2	5	""	2	2	1	0	"int"	4.5	4	1	1	1	5	1
632	3	""	1	3	6	""	4	6	4	4	4	5	5	5	4	4	2	6	6	4	5	5	5	4	5	5	4	4	4	5	5	4	4	4	5	2	2	2	2	2	2	2	2	2	2	4	4	4	4	5	5	23	"2"	1	""	5	5	""	4	0	2	0	"swe"	3.83333333333333	4.4	2	2	2	5	1
633	3	""	3	0	2	""	4	4	4	4	2	5	4	4	4	4	2	4	4	4	4	4	4	4	4	4	4	4	4	4	4	4	4	4	4	2	2	2	2	2	2	2	2	2	2	4	4	4	2	4	5	28	"1"	1	""	4	6	""	5	3	2	0	"swe"	3.33333333333333	4	2	2	2	4	3
634	6	""	5	10	4	""	5	5	5	5	5	5	5	5	4	5	3	5	5	4	5	4	5	5	2	2	4	4	3	2	2	4	3	4	5	2	3	4	1	4	1	1	2	2	1	4	2	1	1	2	5	25	"1"	8	""	3	6	""	4	2	6	1	"int"	1.83333333333333	3	7	3	2	5	5
635	3	""	1	1	1	""	4	4	4	4	2	4	4	4	4	4	2	6	6	4	4	4	4	4	5	5	4	4	4	4	4	3	4	3	4	2	2	2	2	2	2	2	2	2	2	4	4	4	4	4	5	30	"2"	2	""	4	6	""	5	5	4	3	"int"	3.66666666666667	3.6	7	3	2	4	1
637	3	""	2	2	4	""	4	4	4	4	3	4	4	4	4	3	4	3	4	4	4	4	4	4	4	4	4	4	4	4	4	3	4	3	4	4	2	2	2	4	2	4	4	2	2	2	2	4	4	5	5	21	"1"	1	""	4	3	""	3	0	1	0	"swe"	3.16666666666667	3.6	1	1	1	4	2
638	3	""	4	0	2	""	4	4	4	4	4	5	5	5	4	4	3	4	4	4	5	5	5	4	5	5	4	4	4	4	4	4	4	4	4	2	2	2	2	2	2	2	2	2	2	4	2	4	4	5	5	22	"2"	1	""	5	3	""	5	0	2	0	"swe"	3.5	4	2	2	2	5	4
639	3	""	3	0	2	""	5	4	5	4	4	5	5	5	5	4	6	4	4	4	5	5	4	4	5	5	4	4	5	5	4	4	5	4	5	2	1	1	2	4	2	4	4	2	4	4	4	4	4	4	5	26	"2"	1	""	5	5	""	4	2	1	0	"swe"	4	4.4	1	1	1	5	3
640	3	""	3	0	2	""	5	4	4	4	4	4	5	5	4	6	6	6	6	4	4	5	4	4	4	4	4	4	4	4	4	3	4	4	4	2	2	2	2	2	2	2	2	2	2	4	4	4	4	4	5	28	"1"	1	""	5	6	""	5	3	3	2	"swe"	3.66666666666667	3.8	5	3	2	4	3
641	3	""	2	0	3	""	4	4	4	4	6	5	5	5	5	6	6	6	6	5	5	5	5	6	5	5	5	5	5	5	5	5	5	5	5	1	1	1	2	1	1	2	1	1	5	5	5	5	5	5	5	40	"1"	1	""	5	4	""	3	0	0	0	"swe"	5	5	0	1	1	5	2
642	3	""	1	1	3	""	4	6	4	4	6	4	4	4	4	6	6	6	6	4	4	4	4	4	4	4	4	4	4	4	4	4	4	4	4	3	2	2	3	3	2	3	3	3	4	4	4	4	4	4	5	32	"1"	10	""	3	6	""	5	2	2	0	"int"	4	4	2	2	2	4	1
643	3	""	1	1	3	""	4	6	6	4	6	4	4	4	4	6	6	6	6	4	5	5	4	4	4	4	4	4	4	4	4	4	4	4	4	4	2	2	2	4	2	4	4	2	4	4	4	5	5	5	5	31	"2"	10	""	3	6	""	5	2	2	0	"int"	4.5	4	2	2	2	5	1
644	3	""	3	3	2	""	4	4	4	4	6	2	4	5	4	2	3	4	4	4	4	4	4	4	3	3	4	4	5	5	5	4	3	4	4	2	2	2	2	2	2	2	2	2	2	4	2	4	4	4	4	32	"1"	1	""	5	5	""	5	0	2	0	"swe"	3.33333333333333	4.2	2	2	2	4	3
645	10	""	1	1	2	""	3	3	4	4	6	4	4	4	6	6	6	6	6	4	6	6	4	4	4	4	4	4	4	4	4	4	4	4	4	2	2	2	3	3	4	3	4	3	4	4	4	3	3	3	5	34	"1"	10	""	5	7	""	3	3	2	2	"int"	3.5	4	4	3	2	NA	1
646	10	""	4	1	2	""	6	6	6	6	6	6	6	6	6	6	6	6	6	4	6	6	4	4	4	4	4	4	4	4	4	4	4	4	4	2	2	2	3	3	3	3	4	3	4	4	4	3	3	3	5	30	"2"	10	""	5	6	""	3	1	2	1	"int"	3.5	4	3	2	2	NA	4
647	10	""	1	1	2	""	3	4	4	3	4	4	4	6	6	6	6	6	6	4	6	6	4	4	4	4	4	4	4	4	4	3	4	4	4	2	2	2	3	3	4	3	4	3	4	4	4	3	3	3	5	30	"1"	10	""	5	8	""	3	1	3	1	"int"	3.5	3.8	4	3	2	NA	1
648	10	""	3	1	2	""	4	4	4	4	4	5	4	5	5	4	4	4	4	4	4	6	4	4	4	4	4	4	4	4	4	4	4	4	4	4	3	3	3	3	3	3	3	3	3	3	3	3	3	3	4	66	"1"	1	""	8	8	"-"	20	5	5	5	"swe"	3	4	10	3	2	4	3
649	10	""	3	1	2	""	4	4	4	4	3	5	5	4	4	4	4	4	4	4	4	4	4	4	4	4	4	4	4	4	4	4	4	4	4	3	3	3	3	3	3	3	3	3	3	3	3	3	3	3	4	65	"2"	1	""	8	8	"-"	20	0	2	0	"swe"	3	4	2	2	2	4	3
650	10	""	3	2	2	""	4	4	4	5	5	4	5	4	4	4	4	4	4	4	4	4	4	4	4	4	4	4	4	4	4	4	4	4	4	4	3	3	3	3	3	3	3	3	3	3	3	3	3	3	4	68	"1"	1	""	8	4	""	15	0	1	0	"swe"	3	4	1	1	1	4	3
651	10	""	3	1	2	""	5	3	4	4	5	5	4	4	4	4	4	4	4	4	4	4	4	4	4	4	4	4	5	4	5	4	4	4	4	5	3	3	4	3	3	3	3	3	3	4	3	3	3	3	4	65	"2"	1	""	8	3	""	17	0	1	0	"swe"	3.16666666666667	4.2	1	1	1	4	3
652	3	""	4	0	2	""	4	4	4	4	2	4	4	4	4	3	3	4	4	4	4	5	4	4	4	4	4	4	4	5	5	4	5	4	4	2	1	1	2	2	2	2	2	2	2	2	2	2	2	2	5	20	"1"	1	""	5	3	""	3	0	2	0	"swe"	2	4.6	2	2	2	4	4
653	3	""	3	0	2	""	4	4	4	4	2	4	4	4	4	4	2	4	4	4	4	4	4	4	5	5	4	4	4	4	4	4	4	4	4	2	2	2	2	2	2	2	2	2	2	2	2	2	2	2	5	25	"1"	1	""	6	5	""	5	0	2	0	"swe"	2	4	2	2	2	4	3
654	3	""	1	2	1	""	4	4	4	4	6	4	4	4	4	6	6	6	6	5	4	4	4	3	4	4	4	4	4	4	4	4	4	4	4	2	2	2	2	2	2	2	2	2	2	2	2	2	2	2	5	30	"1"	2	""	4	6	""	5	3	2	2	"int"	2	4	4	3	2	4	1
655	3	""	1	1	3	""	4	6	6	4	6	4	4	4	4	6	6	6	6	4	4	3	4	4	4	4	4	4	4	5	5	5	5	5	5	2	1	1	2	2	2	2	2	2	2	2	2	2	4	4	5	29	"2"	12	"Spain"	4	3	""	4	0	2	0	"int"	2.66666666666667	5	2	2	2	4	1
656	3	""	1	0	2	""	4	6	6	4	6	4	4	4	4	6	6	6	6	4	4	4	4	4	4	4	4	4	4	4	4	4	4	4	4	2	2	2	2	2	2	2	2	2	2	2	2	2	2	2	5	38	"2"	6	""	6	6	""	3	0	2	0	"int"	2	4	2	2	2	4	1
657	3	""	3	0	2	""	4	2	3	4	3	4	4	4	4	3	3	4	4	4	5	5	5	4	5	5	4	4	4	5	5	4	5	4	4	4	2	1	2	2	2	2	3	2	2	4	4	3	2	2	5	41	"1"	1	""	6	4	""	6	1	2	0	"swe"	2.83333333333333	4.6	2	2	2	5	3
658	10	""	4	1	2	""	5	4	4	5	3	5	5	5	4	3	3	4	4	5	5	5	5	5	4	5	5	5	5	4	2	2	4	4	1	1	2	1	2	1	2	2	2	2	4	4	4	2	2	4	5	26	"2"	1	""	4	5	""	25	6	3	1	"swe"	3.33333333333333	3.2	4	3	2	5	4
659	10	""	3	1	2	""	5	5	5	4	3	5	5	4	4	3	3	4	4	4	4	4	5	5	4	5	5	4	5	4	4	4	4	4	4	4	3	3	3	3	3	3	3	3	3	3	3	3	3	3	4	65	"1"	1	""	8	8	"-"	22	0	1	0	"swe"	3	4	1	1	1	4	3
660	3	""	4	0	2	""	4	2	4	4	4	5	5	5	2	5	6	4	4	2	5	5	4	4	5	5	5	4	5	5	2	2	2	2	5	4	2	2	2	2	4	4	4	4	1	2	2	2	2	4	5	26	"2"	1	""	5	5	""	10	0	3	0	"swe"	2.16666666666667	2.6	3	2	2	5	4
661	3	""	3	0	2	""	4	2	4	4	4	4	5	5	4	4	6	4	4	4	5	5	4	4	4	4	4	4	4	4	4	3	4	3	5	2	1	1	2	2	2	2	2	2	2	2	2	2	2	2	5	33	"1"	1	""	5	6	""	6	0	2	0	"swe"	2	3.6	2	2	2	5	3
662	10	""	1	1	2	""	4	4	4	4	3	5	5	5	3	4	3	4	4	4	4	4	5	5	5	5	5	5	6	3	4	3	4	3	3	2	2	2	2	3	2	2	2	2	4	4	3	3	3	3	5	29	"2"	10	""	5	6	""	5	2	2	3	"int"	3.33333333333333	3.4	5	3	2	4	1
663	3	""	3	0	2	""	4	4	4	4	4	5	5	5	5	4	6	4	4	4	5	5	2	3	4	4	4	4	4	5	5	3	4	2	5	4	2	2	3	4	4	4	4	2	4	4	4	4	4	4	5	24	"2"	1	""	6	5	""	5	0	3	0	"swe"	4	3.8	3	2	2	5	3
664	3	""	1	2	1	""	4	4	4	4	6	4	5	5	4	6	6	6	6	4	5	4	4	3	5	5	4	4	5	5	5	4	5	4	5	2	2	1	2	2	2	2	3	2	2	2	2	4	4	5	5	36	"1"	2	""	4	6	""	5	3	3	1	"int"	3.16666666666667	4.6	4	3	2	5	1
665	3	""	3	0	2	""	5	4	5	4	4	5	5	5	5	4	6	4	4	4	5	5	5	4	5	5	4	4	5	5	5	2	4	2	4	3	2	2	3	2	2	2	3	2	2	2	2	2	2	4	5	31	"2"	1	""	5	5	""	6	2	2	1	"swe"	2.33333333333333	3.6	3	2	2	5	3
666	3	""	3	0	1	""	4	1	4	4	4	5	5	5	4	6	6	4	4	4	5	5	4	4	5	5	5	5	5	5	5	4	5	4	5	3	1	1	2	2	1	2	3	2	1	2	2	2	2	2	5	34	"1"	1	""	2	4	""	4	0	2	0	"swe"	1.83333333333333	4.6	2	2	2	5	3
667	3	""	3	0	2	""	4	1	4	4	2	5	5	5	4	4	1	4	4	4	5	5	5	5	5	5	5	5	5	5	5	4	5	3	5	1	1	1	1	1	1	1	1	1	1	2	2	2	2	2	5	25	"1"	1	""	6	5	""	6	0	3	0	"swe"	1.83333333333333	4.4	3	2	2	5	3
668	3	""	1	0	2	""	4	6	4	4	6	4	5	5	6	6	6	6	6	4	4	4	4	4	4	4	4	4	4	5	5	4	4	4	5	3	1	1	2	2	2	3	3	2	2	4	4	2	2	2	5	36	"2"	3	""	5	5	""	3	0	2	0	"int"	2.66666666666667	4.4	2	2	2	4	1
669	3	""	1	2	4	""	4	2	4	4	6	4	4	4	4	6	6	6	6	4	5	5	4	4	4	4	4	4	4	4	4	3	4	4	4	2	2	1	2	2	2	2	2	2	2	2	2	2	2	4	5	41	"2"	1	""	5	5	""	5	0	2	0	"swe"	2.33333333333333	3.8	2	2	2	5	1
670	3	""	1	2	4	""	4	4	6	4	6	5	5	5	5	6	6	6	6	4	5	5	5	5	5	5	5	5	5	5	5	5	5	5	5	4	2	2	3	2	2	2	3	2	4	4	4	4	4	4	4	35	"1"	10	""	5	5	""	4	3	3	0	"int"	4	5	3	2	2	5	1
671	3	""	1	0	3	""	4	6	6	4	6	4	4	4	6	6	6	6	6	4	4	4	4	4	4	4	4	4	4	4	4	3	4	4	4	2	2	2	2	2	2	2	2	2	2	4	4	4	4	5	4	26	"1"	4	""	4	5	""	3	1	2	0	"int"	3.83333333333333	3.8	2	2	2	4	1
672	3	""	1	2	1	""	4	3	4	4	3	4	4	4	4	3	3	3	3	4	4	4	5	5	5	5	5	5	5	5	5	5	5	5	5	3	2	2	3	2	2	3	3	2	2	2	2	2	2	2	4	26	"1"	2	""	4	5	""	3	0	2	0	"int"	2	5	2	2	2	4	1
673	3	""	3	0	2	""	4	2	4	4	2	4	4	4	4	2	2	4	4	4	4	4	4	4	4	4	4	4	4	4	4	4	4	4	4	2	2	2	2	2	2	2	2	2	2	2	2	2	2	2	5	24	"1"	1	""	6	5	""	5	0	3	0	"swe"	2	4	3	2	2	4	3
674	3	""	1	0	3	""	4	6	4	4	6	5	5	5	6	6	6	6	6	3	4	4	4	4	5	5	4	4	5	5	5	4	5	4	5	4	2	2	2	4	2	2	4	2	4	5	5	5	4	5	5	33	"2"	1	""	6	5	""	6	0	2	0	"swe"	4.66666666666667	4.6	2	2	2	4	1
675	3	""	3	0	2	""	4	1	2	4	2	4	5	5	5	4	1	4	4	4	5	5	5	5	5	5	5	5	5	4	4	2	4	2	4	2	1	1	2	2	2	2	2	1	1	2	1	2	1	1	5	27	"1"	1	""	6	5	""	10	0	3	0	"swe"	1.33333333333333	3.2	3	2	2	5	3
676	3	""	1	4	4	""	4	4	4	4	6	5	5	5	5	6	6	6	6	4	5	5	5	5	5	5	5	5	5	5	5	3	5	4	5	2	1	1	2	1	1	2	2	1	2	2	2	2	2	2	5	29	"1"	10	""	4	6	""	5	5	3	2	"int"	2	4.4	5	3	2	5	1
677	3	""	5	0	2	""	5	5	5	4	6	4	5	4	6	6	6	5	6	1	2	6	5	4	5	5	5	5	5	5	4	3	3	4	5	4	1	1	1	4	1	1	4	2	4	4	4	4	4	4	5	19	"1"	1	""	7	3	""	10	0	1	0	"swe"	4	3.8	1	1	1	2	5
678	3	""	5	7	1	""	5	5	4	5	4	5	5	1	5	5	4	5	5	2	5	5	1	2	4	5	2	4	5	2	2	4	2	4	4	2	2	2	2	4	4	2	2	4	4	4	2	2	2	2	2	19	"1"	1	""	6	3	""	2	0	3	0	"swe"	2.66666666666667	2.8	3	2	2	5	5
679	3	""	1	3	1	""	4	2	4	4	6	4	5	5	4	6	1	6	6	2	5	5	4	2	5	5	5	4	5	5	5	5	5	4	5	4	1	1	2	4	2	2	2	2	4	5	5	4	4	4	5	23	"2"	5	""	2	5	""	3	0	6	0	"int"	4.33333333333333	4.8	6	3	2	5	1
680	3	""	1	2	4	""	4	6	4	4	6	4	4	4	4	6	6	6	6	4	5	5	5	5	5	5	5	5	5	5	5	4	4	4	5	2	1	1	2	2	2	2	2	2	4	4	2	2	2	2	5	32	"1"	12	"Japan"	2	5	""	4	2	5	0	"int"	2.66666666666667	4.4	5	3	2	5	1
681	3	""	4	0	2	""	5	4	5	4	4	5	5	5	5	4	4	4	4	4	5	5	5	5	5	5	5	5	5	5	5	5	5	4	5	1	1	1	1	1	1	1	1	1	1	2	2	1	2	2	5	25	"1"	1	""	6	6	""	10	0	3	0	"swe"	1.66666666666667	4.8	3	2	2	5	4
682	3	""	1	2	4	""	4	2	6	4	6	5	5	5	5	6	6	6	6	4	5	5	5	5	5	5	5	5	5	5	5	5	5	5	5	2	1	1	2	4	2	2	2	2	1	4	4	2	2	2	5	30	"1"	10	""	4	6	""	6	5	3	2	"int"	2.5	5	5	3	2	5	1
683	3	""	2	2	4	""	4	2	4	4	6	5	4	4	4	6	6	6	6	4	5	5	4	4	4	4	4	4	4	5	5	5	5	5	5	4	2	2	3	4	4	3	3	2	4	4	3	4	3	4	5	28	"2"	10	""	4	6	""	5	2	3	2	"int"	3.66666666666667	5	5	3	2	5	2
684	3	""	5	4	4	""	5	4	4	4	2	4	5	5	5	4	6	4	4	2	5	5	5	5	5	5	5	5	5	4	4	2	4	2	4	2	1	1	1	2	2	2	2	1	2	2	1	1	1	1	5	27	"1"	1	""	7	5	""	5	0	3	0	"swe"	1.33333333333333	3.2	3	2	2	5	5
685	3	""	5	5	4	""	5	4	4	4	4	5	5	5	5	6	6	4	4	4	5	5	4	4	5	5	4	5	5	5	5	2	4	2	5	2	1	1	1	2	2	2	1	1	1	4	2	2	2	2	5	20	"1"	1	""	7	3	""	10	0	2	0	"swe"	2.16666666666667	3.6	2	2	2	5	5
686	3	""	4	0	2	""	4	2	4	4	3	4	4	4	4	3	3	4	4	2	4	4	2	2	4	5	4	4	4	4	4	3	4	3	4	4	2	2	3	4	4	3	3	2	4	4	4	4	4	4	5	19	"2"	1	""	6	3	""	5	0	0	0	"swe"	4	3.6	0	1	1	4	4
687	3	""	4	0	2	""	4	2	4	4	2	4	4	4	4	2	2	4	4	2	4	4	2	2	4	4	4	2	4	4	4	2	4	2	4	4	2	2	3	4	4	3	3	2	5	5	5	5	5	5	5	23	"2"	1	""	6	3	""	5	0	2	0	"swe"	5	3.2	2	2	2	4	4
688	3	""	1	2	1	""	4	2	6	4	6	4	4	4	4	6	6	6	6	4	4	4	5	4	5	5	4	4	5	5	5	4	5	4	4	2	2	2	2	4	2	2	3	2	4	4	4	4	4	4	5	26	"1"	2	""	4	6	""	3	1	2	0	"int"	4	4.6	2	2	2	4	1
689	3	""	2	2	6	""	4	2	4	4	3	5	5	5	5	4	3	4	4	4	5	5	4	3	5	5	4	4	4	5	4	3	4	3	4	3	2	2	3	4	3	3	3	2	4	5	4	4	5	5	5	32	"1"	1	""	2	6	""	5	6	3	2	"swe"	4.5	3.8	5	3	2	5	2
690	3	""	3	1	1	""	4	4	4	4	6	5	4	4	4	4	6	4	4	4	5	5	4	4	5	5	4	4	5	5	5	4	4	4	4	2	2	2	2	2	2	2	2	2	2	4	2	4	2	2	5	29	"2"	1	""	5	5	""	4	0	2	0	"swe"	2.66666666666667	4.4	2	2	2	5	3
691	3	""	3	5	4	""	5	4	4	5	4	5	5	5	5	4	6	4	4	4	5	5	4	4	5	5	5	4	5	5	5	4	4	4	5	2	1	1	2	2	1	2	2	1	2	4	2	2	2	2	5	37	"2"	1	""	5	5	""	5	0	3	0	"swe"	2.33333333333333	4.4	3	2	2	5	3
692	3	""	1	3	1	""	5	4	4	4	6	5	5	5	5	4	6	6	6	4	5	5	5	5	5	5	5	5	5	4	5	4	4	4	4	2	2	2	2	2	2	2	2	2	2	2	2	2	2	2	5	26	"1"	10	""	7	5	""	3	0	2	0	"int"	2	4.2	2	2	2	5	1
693	3	""	5	0	2	""	4	4	4	4	6	4	5	5	4	6	6	6	6	2	4	4	4	4	5	5	4	4	4	4	4	4	4	4	4	2	2	2	2	2	2	2	2	2	2	4	2	2	2	4	5	39	"1"	1	""	6	4	""	5	0	1	0	"swe"	2.66666666666667	4	1	1	1	4	5
694	3	""	5	1	4	""	4	4	4	4	4	4	5	5	5	4	6	4	4	4	5	5	5	5	5	5	5	5	5	5	5	2	4	2	4	2	1	1	2	2	2	2	2	2	1	4	1	2	2	2	5	26	"2"	1	""	6	5	""	5	0	2	0	"swe"	2	3.6	2	2	2	5	5
695	3	""	1	2	4	""	4	6	4	4	6	5	5	5	5	6	6	6	6	4	5	5	5	5	5	5	5	5	5	5	5	4	4	4	5	2	2	2	2	2	2	2	2	2	2	4	4	4	2	2	5	33	"2"	2	""	5	6	""	3	5	3	2	"int"	3	4.4	5	3	2	5	1
696	3	""	5	0	2	""	5	4	4	5	2	5	5	5	5	4	2	4	4	2	5	5	5	5	5	5	5	5	5	4	4	2	4	3	4	2	2	2	2	2	2	2	2	2	1	2	2	2	2	2	5	21	"1"	1	""	6	3	""	5	0	2	0	"swe"	1.83333333333333	3.4	2	2	2	5	5
697	3	""	4	0	2	""	4	4	4	4	6	5	5	5	4	4	6	4	4	2	5	5	5	5	5	5	5	5	5	4	4	2	4	4	4	2	2	1	2	2	2	2	2	2	2	4	4	2	2	2	5	22	"1"	1	""	6	3	""	8	0	2	0	"swe"	2.66666666666667	3.6	2	2	2	5	4
698	3	""	3	0	2	""	5	4	5	4	4	4	5	5	4	4	6	4	4	2	5	5	5	4	5	5	4	4	4	5	5	4	4	4	5	4	2	2	2	4	2	2	2	2	2	4	2	4	4	4	5	24	"1"	1	""	6	5	""	6	0	2	0	"swe"	3.33333333333333	4.4	2	2	2	5	3
699	3	""	3	1	4	""	4	2	4	4	6	5	5	5	5	4	6	6	6	4	5	5	4	4	5	5	4	4	4	4	4	4	4	4	4	2	2	2	2	2	2	2	2	2	4	4	4	4	4	4	5	33	"2"	1	""	6	5	""	5	0	2	0	"swe"	4	4	2	2	2	5	3
700	3	""	1	4	7	"Competition"	4	6	4	4	6	5	5	5	4	6	6	6	6	4	4	4	5	5	5	5	5	5	5	4	4	3	4	4	4	2	2	2	2	2	2	2	2	2	2	4	2	2	2	4	5	23	"1"	3	""	5	5	""	5	0	3	0	"int"	2.66666666666667	3.8	3	2	2	4	1
701	3	""	1	3	7	"Competition"	4	4	4	4	6	4	4	4	4	6	6	6	6	4	4	4	4	4	4	4	4	4	4	4	4	4	4	4	4	2	2	2	2	2	2	2	2	2	1	2	1	1	2	2	5	24	"1"	7	""	6	5	""	5	0	3	0	"int"	1.5	4	3	2	2	4	1
702	3	""	5	0	2	""	4	4	4	4	4	4	4	4	4	4	3	4	4	2	4	4	4	4	4	4	4	4	4	4	4	3	4	4	4	2	2	2	2	2	2	2	2	2	4	4	2	2	2	2	5	22	"2"	1	""	7	5	""	5	0	1	0	"swe"	2.66666666666667	3.8	1	1	1	4	5
703	3	""	4	0	2	""	5	4	4	4	4	5	5	5	5	4	6	4	4	2	5	5	5	5	5	5	5	5	5	5	5	2	4	3	5	2	1	1	2	2	2	2	2	2	1	4	2	2	2	2	5	21	"1"	1	""	6	4	""	10	0	2	0	"swe"	2.16666666666667	3.8	2	2	2	5	4
704	3	""	1	3	7	"Competition"	4	4	4	4	6	4	4	4	4	6	6	6	6	4	4	4	4	4	4	4	4	4	4	4	4	4	4	4	4	2	1	1	2	2	2	2	2	2	2	4	4	2	2	2	5	23	"1"	3	""	5	5	""	4	0	3	0	"int"	2.66666666666667	4	3	2	2	4	1
705	3	""	5	0	2	""	5	4	4	4	4	5	5	5	5	4	6	4	4	4	4	4	5	4	5	5	5	4	4	5	5	4	5	4	4	2	2	2	2	2	2	2	2	2	2	2	2	2	2	2	5	32	"2"	1	""	6	5	""	10	0	2	0	"swe"	2	4.6	2	2	2	4	5
706	3	""	1	3	7	"Competition"	4	6	6	4	6	4	4	4	4	6	6	6	6	4	4	4	4	4	4	4	4	4	4	4	4	2	4	3	4	2	2	2	2	2	2	2	2	2	2	2	2	2	2	2	4	21	"1"	3	""	5	4	""	5	0	3	0	"int"	2	3.4	3	2	2	4	1
707	3	""	5	0	2	""	5	4	4	4	4	5	5	5	5	4	4	4	4	4	5	5	5	5	5	5	5	5	5	5	5	5	5	5	5	2	1	2	2	2	2	2	2	2	2	4	2	4	4	4	5	31	"1"	1	""	6	4	""	4	0	2	0	"swe"	3.33333333333333	5	2	2	2	5	5
708	3	""	4	0	2	""	4	4	4	4	4	4	5	5	4	4	2	4	4	4	4	4	4	4	4	4	4	4	4	5	5	5	5	5	5	2	2	2	2	2	2	2	2	2	2	2	2	2	2	2	5	26	"2"	1	""	6	4	""	5	0	3	0	"swe"	2	5	3	2	2	4	4
709	3	""	5	0	2	""	4	4	4	4	4	4	5	5	5	4	3	4	4	2	4	4	4	4	4	4	4	4	4	4	4	4	4	4	4	2	2	2	2	2	2	2	2	2	2	4	2	2	2	2	5	25	"1"	1	""	6	5	""	6	2	3	0	"swe"	2.33333333333333	4	3	2	2	4	5
710	3	""	4	0	2	""	5	4	5	5	4	5	5	5	5	4	3	4	4	2	5	5	4	4	5	5	4	4	5	4	4	3	4	3	4	2	2	2	2	2	2	2	2	2	2	4	4	2	2	2	5	29	"1"	1	""	5	6	""	5	3	3	3	"swe"	2.66666666666667	3.6	6	3	2	5	4
711	3	""	1	4	6	""	4	3	4	4	6	5	5	5	4	3	3	3	3	2	4	4	4	4	4	4	4	4	4	4	4	3	3	3	4	2	1	1	2	2	2	2	2	2	2	4	2	4	2	4	5	34	"1"	6	""	4	7	""	5	10	3	5	"int"	3	3.4	8	3	2	4	1
712	3	""	5	0	2	""	4	2	4	4	2	4	4	4	4	3	3	4	4	2	4	4	4	4	4	4	4	4	4	4	4	3	4	3	4	2	1	2	2	3	3	2	3	2	4	4	4	4	4	5	5	21	"2"	1	""	6	3	""	5	0	2	0	"swe"	4.16666666666667	3.6	2	2	2	4	5
713	3	""	4	0	2	""	5	4	5	5	4	5	5	5	5	5	5	5	5	5	5	5	5	5	5	5	5	5	5	5	5	5	5	5	5	1	1	1	1	1	1	1	1	1	1	4	1	1	2	2	5	36	"2"	1	""	7	4	""	5	0	1	0	"swe"	1.83333333333333	5	1	1	1	5	4
714	3	""	2	2	4	""	4	2	4	4	4	3	4	4	4	3	3	4	4	4	4	4	5	5	5	5	5	5	5	4	4	3	4	4	4	2	2	2	2	2	2	2	2	2	4	4	2	2	2	4	5	26	"1"	1	""	2	5	""	4	0	2	0	"swe"	3	3.8	2	2	2	4	2
715	3	""	1	3	6	""	4	2	4	4	3	4	4	4	4	3	3	3	3	4	4	4	4	4	4	4	4	4	4	4	4	4	4	4	4	2	2	2	2	2	2	2	2	2	2	4	2	2	2	2	5	28	"1"	2	""	4	6	""	3	5	3	3	"int"	2.33333333333333	4	6	3	2	4	1
716	3	""	4	0	2	""	4	4	4	4	6	4	4	4	4	6	6	4	4	4	4	4	4	3	4	5	4	3	4	4	4	4	4	4	4	2	2	2	2	2	2	2	2	2	2	2	2	2	2	2	5	23	"2"	1	""	6	5	""	3	0	1	0	"swe"	2	4	1	1	1	4	4
717	3	""	3	1	4	""	4	2	4	4	2	4	4	4	4	4	2	4	4	2	4	4	4	4	5	5	4	4	4	5	5	4	5	4	5	2	2	2	2	2	2	2	2	2	2	2	2	2	2	2	5	35	"2"	1	""	5	6	""	5	3	2	1	"swe"	2	4.6	3	2	2	4	3
718	3	""	1	1	3	""	4	6	6	4	6	4	4	4	4	6	6	6	6	4	4	4	5	5	5	5	5	5	5	4	4	4	4	4	4	2	2	2	2	2	2	2	2	2	2	2	2	2	2	2	5	33	"1"	8	""	2	6	""	5	5	3	2	"int"	2	4	5	3	2	4	1
719	3	""	5	0	2	""	4	4	4	4	4	4	4	4	4	3	3	4	4	4	4	4	4	4	4	4	4	4	4	4	4	4	4	4	4	2	2	2	2	2	2	2	2	2	2	2	2	2	2	2	4	25	"1"	1	""	5	5	""	4	0	2	0	"swe"	2	4	2	2	2	4	5
720	3	""	5	0	2	""	5	4	5	5	4	5	5	5	5	4	4	5	5	5	5	5	5	5	5	5	5	5	5	4	4	4	4	4	4	2	2	2	2	2	2	2	2	2	2	2	2	2	2	2	5	21	"1"	1	""	6	3	""	4	0	0	0	"swe"	2	4	0	1	1	5	5
721	9	""	2	14	6	""	4	2	4	4	4	3	3	3	4	6	2	3	4	4	4	4	4	4	4	4	4	4	4	3	3	3	4	4	4	2	2	2	2	2	2	2	2	2	2	2	2	2	2	2	4	20	"1"	1	""	6	3	""	2	0	1	0	"swe"	2	3.4	1	1	1	4	2
722	9	""	2	8	4	""	4	2	4	5	6	4	4	4	2	3	2	3	4	4	4	4	5	4	2	4	5	5	5	5	5	5	5	5	5	2	2	2	2	4	2	2	2	2	4	4	4	2	4	4	4	31	"1"	1	""	6	3	""	0	0	0	0	"swe"	3.66666666666667	5	0	1	1	4	2
723	9	""	5	15	5	""	5	2	4	4	2	4	3	4	2	3	2	3	4	4	4	2	5	4	4	5	5	5	5	4	5	4	4	4	5	2	2	2	2	5	2	2	2	4	2	4	2	4	2	4	4	24	"2"	1	""	6	4	""	3	0	2	0	"swe"	3	4.2	2	2	2	4	5
724	9	""	3	17	1	""	4	1	4	4	2	4	4	4	2	2	2	3	5	5	4	2	5	4	4	5	5	5	5	5	5	4	5	4	5	2	2	2	4	4	2	2	2	4	1	4	1	4	2	2	5	23	"1"	1	""	5	5	""	4	0	1	0	"swe"	2.33333333333333	4.6	1	1	1	4	3
725	3	""	3	2	4	""	4	4	4	4	4	4	4	4	4	4	3	4	4	4	4	4	4	4	4	4	4	4	4	4	4	2	4	2	4	2	2	2	2	2	2	2	2	2	2	4	2	2	2	2	5	41	"2"	1	""	4	5	""	6	0	3	0	"swe"	2.33333333333333	3.2	3	2	2	4	3
726	3	""	1	2	4	""	4	4	2	4	2	4	4	4	4	3	3	3	3	4	4	4	4	4	4	4	4	4	4	5	5	4	4	4	5	2	2	2	2	2	2	2	2	2	2	2	2	2	2	2	4	39	"1"	10	""	4	6	""	3	3	3	0	"int"	2	4.4	3	2	2	4	1
727	3	""	4	0	2	""	5	4	5	5	4	5	5	5	5	6	6	4	4	5	5	5	5	5	5	5	5	5	5	5	5	5	5	5	5	1	1	1	1	1	1	1	1	1	1	1	1	1	1	1	5	28	"1"	1	""	4	5	""	6	0	3	0	"swe"	1	5	3	2	2	5	4
728	3	""	3	2	1	""	4	4	5	4	6	4	4	4	4	6	6	6	6	5	5	5	5	5	5	5	5	5	5	5	5	4	4	4	4	2	2	2	2	2	2	2	2	2	2	2	2	2	2	2	5	21	"1"	1	""	4	3	""	10	0	3	0	"swe"	2	4.4	3	2	2	5	3
729	3	""	4	0	2	""	4	4	4	4	4	4	4	4	4	6	6	4	4	2	4	4	4	4	4	4	4	4	4	4	4	4	4	4	4	2	2	2	2	2	2	2	2	2	4	4	4	4	4	4	5	22	"1"	1	""	6	3	""	5	0	1	0	"swe"	4	4	1	1	1	4	4
730	3	""	2	3	6	""	4	4	4	4	6	4	4	4	4	6	6	6	4	4	4	4	4	4	4	4	4	4	4	4	4	4	4	4	4	1	1	1	1	1	1	1	1	1	4	5	4	4	4	5	5	29	"1"	2	""	4	5	""	3	2	3	3	"int"	4.33333333333333	4	6	3	2	4	2
731	8	""	5	1	2	""	5	5	5	5	6	5	5	5	5	5	6	5	5	5	5	5	5	5	5	5	5	5	5	1	1	1	1	1	1	1	1	1	1	1	1	1	1	1	1	1	1	1	1	1	5	73	"2"	1	""	5	5	""	5	0	2	0	"swe"	1	1	2	2	2	5	5
732	8	""	1	3	6	""	6	4	5	4	6	5	5	5	6	5	6	6	5	5	5	5	5	5	5	5	5	5	5	1	1	1	1	1	1	1	1	1	1	1	1	1	1	1	1	1	1	1	1	1	5	22	"2"	1	""	4	5	""	4	1	2	0	"swe"	1	1	2	2	2	5	1
733	8	""	5	1	2	""	5	5	5	5	6	5	5	5	5	5	6	5	5	5	5	5	4	5	5	5	5	5	5	4	4	1	5	2	2	1	1	1	1	1	1	1	1	1	5	5	5	4	2	2	4	73	"2"	1	""	5	5	""	5	0	2	0	"swe"	3.83333333333333	3.2	2	2	2	5	5
734	8	""	5	1	2	""	5	5	5	5	6	5	5	5	5	5	6	5	5	5	5	5	2	5	5	5	5	5	5	4	4	2	4	2	2	1	1	1	1	1	4	1	1	1	5	5	5	4	2	2	4	75	"1"	1	""	5	5	""	5	0	2	0	"swe"	3.83333333333333	3.2	2	2	2	5	5
735	8	""	5	2	4	""	5	5	5	5	6	5	5	5	5	5	6	5	5	5	5	6	5	5	5	5	5	5	5	2	2	2	2	2	2	1	1	1	1	1	1	1	1	1	2	2	2	2	2	2	4	36	"1"	1	""	4	5	""	4	2	2	0	"swe"	2	2	2	2	2	5	5
736	8	""	5	1	1	""	5	5	5	5	6	5	5	5	5	6	6	5	5	5	5	5	5	5	3	5	5	5	5	5	2	1	4	1	4	2	3	1	2	2	2	2	2	2	4	5	5	1	1	1	2	47	"1"	1	""	4	5	""	100	0	0	0	"swe"	2.83333333333333	2.6	0	1	1	5	5
737	8	""	5	2	1	""	5	5	5	5	6	5	5	5	5	6	6	6	5	5	5	5	5	5	3	5	5	5	5	4	2	4	4	2	4	2	3	1	2	2	2	2	2	2	4	4	4	2	2	2	2	54	"2"	1	""	4	3	""	100	0	0	0	"swe"	3	3.2	0	1	1	5	5
738	8	""	2	1	3	""	4	6	6	6	6	6	6	4	6	6	6	6	6	4	4	6	4	6	6	6	4	4	4	4	4	4	4	4	4	2	2	2	2	2	2	2	2	2	2	2	2	2	2	2	4	60	"2"	10	""	8	6	""	3	0	2	0	"int"	2	4	2	2	2	4	2
739	8	""	2	1	3	""	4	6	6	6	6	4	4	6	6	6	6	6	6	4	4	4	4	4	4	4	4	4	4	4	4	4	4	4	4	2	2	2	2	2	2	2	2	2	2	2	2	2	2	2	4	62	"1"	10	""	8	6	""	4	1	2	0	"int"	2	4	2	2	2	4	2
740	8	""	2	7	1	""	5	5	5	5	6	5	5	5	5	6	6	5	5	4	4	4	2	3	5	5	5	5	5	4	4	1	4	1	1	2	1	1	1	1	4	1	1	1	4	4	4	1	1	1	5	34	"1"	1	""	7	3	""	2	0	0	0	"swe"	2.5	2.8	0	1	1	4	2
741	8	""	4	7	1	""	5	4	5	5	4	5	5	5	5	6	6	5	5	5	5	5	2	5	5	5	4	4	4	4	2	4	4	2	2	2	2	2	2	2	4	2	2	2	4	4	4	2	2	2	5	33	"2"	1	""	7	3	""	2	0	0	0	"swe"	3	3.2	0	1	1	5	4
742	8	""	1	3	3	""	5	5	5	5	6	5	5	5	5	5	6	6	6	5	5	5	5	5	3	3	5	5	5	2	2	2	2	2	2	2	2	2	2	2	2	2	2	2	1	1	1	1	1	1	5	60	"2"	10	""	4	3	""	5	0	2	0	"int"	1	2	2	2	2	5	1
743	8	""	1	3	3	""	5	5	5	5	6	5	5	5	6	5	6	6	6	5	5	5	5	5	6	5	5	5	5	2	2	2	2	2	2	2	2	2	2	2	2	2	2	2	1	1	1	1	1	1	5	63	"1"	10	""	4	5	""	5	0	2	0	"int"	1	2	2	2	2	5	1
744	8	""	4	1	4	""	5	5	5	5	6	5	5	5	6	6	6	5	5	5	5	5	5	5	3	5	5	5	5	4	2	4	4	2	4	2	2	2	2	2	2	2	2	2	4	5	4	2	4	4	5	47	"2"	1	""	5	5	""	3	10	2	0	"swe"	3.83333333333333	3.2	2	2	2	5	4
745	8	""	4	1	4	""	5	5	5	5	6	5	5	5	5	6	6	6	5	5	5	5	5	5	3	5	5	5	5	4	2	4	4	2	2	2	2	2	2	2	2	2	2	2	4	4	4	2	2	2	5	42	"2"	7	""	3	6	""	5	10	3	3	"int"	3	3.2	6	3	2	5	4
746	8	""	4	1	4	""	5	5	5	5	6	5	5	5	5	6	6	6	5	5	5	5	5	5	3	5	5	5	5	4	2	4	4	2	2	1	1	1	1	1	1	1	1	1	4	4	4	2	2	4	5	43	"2"	1	""	3	5	""	3	12	2	0	"swe"	3.33333333333333	3.2	2	2	2	5	4
747	8	""	4	1	4	""	5	5	5	5	6	5	5	6	6	6	6	5	5	5	5	5	5	5	3	5	5	5	5	4	2	4	2	2	2	2	2	2	2	2	2	2	2	2	4	4	4	2	2	4	5	44	"2"	1	""	3	5	""	3	4	1	0	"swe"	3.33333333333333	2.8	1	1	1	5	4
748	8	""	1	21	1	""	5	5	5	2	6	5	5	5	5	5	6	5	5	5	5	5	5	5	4	5	5	5	5	1	1	1	1	1	1	1	1	1	1	1	1	1	1	1	2	2	2	2	2	4	5	45	"1"	4	""	8	6	""	2	0	2	0	"int"	2.33333333333333	1	2	2	2	5	1
749	8	""	1	21	1	""	5	5	5	4	6	5	5	5	5	5	6	6	5	5	5	5	5	5	3	5	5	5	5	1	1	1	1	1	1	1	1	1	1	1	1	1	1	1	1	1	1	1	1	4	5	38	"2"	4	""	8	5	""	2	0	3	0	"int"	1.5	1	3	2	2	5	1
750	8	""	1	21	1	""	5	5	5	5	6	5	5	5	5	5	6	6	5	5	5	5	5	5	3	5	5	5	5	1	1	1	1	1	1	1	3	1	1	1	1	1	1	1	1	1	1	1	1	4	5	19	"2"	4	""	8	3	""	2	0	2	0	"int"	1.5	1	2	2	2	5	1
751	8	""	1	21	1	""	5	5	5	5	6	5	5	5	5	5	6	6	5	5	5	5	5	5	3	5	5	5	5	1	1	1	1	1	1	1	3	1	1	1	1	1	1	1	1	1	1	1	1	4	5	20	"2"	4	""	8	3	""	4	0	3	0	"int"	1.5	1	3	2	2	5	1
752	8	""	1	2	3	""	5	6	5	5	5	5	5	5	5	6	5	6	6	5	5	5	5	5	5	2	5	5	5	1	1	4	4	2	4	2	3	2	2	2	2	2	2	2	4	4	4	1	4	4	5	18	"2"	10	""	2	3	""	20	0	5	0	"int"	3.5	2.4	5	3	2	5	1
753	9	""	2	5	3	""	5	2	4	4	2	4	5	4	2	3	3	3	4	4	4	4	5	4	4	5	5	4	4	4	3	4	4	4	4	2	2	2	2	2	2	2	2	2	2	4	2	2	2	4	5	31	"2"	3	""	3	6	""	3	1	1	0	"int"	2.66666666666667	3.8	1	1	1	4	2
754	8	""	1	2	3	""	5	6	5	5	5	5	5	5	6	5	5	6	6	5	5	5	5	5	3	5	5	5	5	4	1	4	1	1	1	2	3	2	2	2	2	2	2	2	1	1	1	1	1	4	5	18	"2"	10	""	2	3	""	10	0	3	0	"int"	1.5	2.2	3	2	2	5	1
755	8	""	1	1	3	""	6	6	5	6	6	6	6	6	6	6	6	6	6	5	5	5	3	2	3	5	5	5	5	4	4	4	4	2	4	2	4	1	2	2	2	2	2	2	2	2	2	2	2	2	5	29	"2"	10	""	2	6	""	5	12	1	0	"int"	2	3.6	1	1	1	5	1
756	9	""	1	1	2	""	5	4	5	5	6	5	4	4	6	3	3	6	4	4	5	5	4	4	4	4	4	4	4	4	4	3	3	4	5	2	2	2	4	4	2	2	4	2	2	2	2	2	2	2	5	35	"2"	3	""	4	6	""	3	1	1	0	"int"	2	3.6	1	1	1	5	1
757	8	""	1	1	3	""	6	6	5	6	6	6	6	6	6	6	6	6	6	5	5	5	3	3	2	5	4	4	4	4	4	4	4	2	4	2	4	1	2	2	2	2	2	2	2	2	2	2	2	2	4	31	"1"	10	""	2	3	""	3	6	1	0	"int"	2	3.6	1	1	1	5	1
758	8	""	5	1	2	""	5	5	5	5	6	5	5	6	6	6	6	5	5	5	5	5	4	5	4	5	5	5	5	2	2	2	2	2	2	2	3	1	2	2	2	2	2	2	1	1	1	1	1	1	2	56	"2"	1	""	3	6	""	5	0	0	0	"swe"	1	2	0	1	1	5	5
759	8	""	4	1	2	""	5	5	5	5	6	5	5	5	5	6	6	5	5	5	5	5	4	5	3	5	5	5	5	2	2	2	2	2	2	2	3	1	2	2	2	2	2	2	1	1	1	1	1	1	2	40	"2"	1	""	3	5	""	5	0	1	0	"swe"	1	2	1	1	1	5	4
760	9	""	1	1	2	""	5	4	5	5	6	4	5	5	6	6	6	6	5	4	4	4	5	4	4	5	5	4	4	4	4	4	4	4	4	2	2	2	2	4	4	4	2	2	2	4	2	2	2	4	5	49	"2"	4	""	2	6	""	4	2	1	0	"int"	2.66666666666667	4	1	1	1	4	1
761	8	""	2	2	1	""	5	5	5	5	6	5	5	5	5	6	6	6	6	5	5	5	4	5	5	5	4	4	4	1	1	1	1	1	1	1	1	1	1	1	4	1	1	1	1	4	1	1	2	2	5	63	"2"	1	""	3	3	""	4	0	1	0	"swe"	1.83333333333333	1	1	1	1	5	2
762	8	""	2	2	1	""	5	5	5	5	6	5	5	5	6	5	6	6	6	5	5	5	4	5	4	5	5	5	5	1	1	1	1	1	1	2	2	2	2	2	4	2	2	2	1	1	1	1	1	1	5	69	"1"	1	""	3	5	""	10	0	1	0	"swe"	1	1	1	1	1	5	2
763	8	""	5	2	4	""	5	5	5	5	5	5	5	5	5	5	6	5	5	5	5	6	5	5	3	2	5	5	5	1	1	1	1	1	1	1	1	4	1	1	1	1	1	1	1	2	1	1	1	4	5	31	"2"	1	""	3	5	""	5	0	1	0	"swe"	1.66666666666667	1	1	1	1	5	5
764	8	""	5	2	4	""	5	5	5	5	6	5	5	5	5	6	6	5	5	5	5	5	5	5	5	2	5	5	5	1	1	1	1	1	1	1	1	4	1	1	1	1	1	1	1	1	1	1	1	4	5	35	"1"	1	""	3	5	""	4	0	1	0	"swe"	1.5	1	1	1	1	5	5
765	9	""	1	1	2	""	5	2	5	5	6	4	4	4	6	6	6	6	4	4	4	4	4	4	4	4	4	4	4	4	4	3	4	4	4	2	2	2	2	2	2	2	2	2	2	2	2	2	2	2	5	44	"1"	10	""	2	5	""	2	1	1	0	"int"	2	3.8	1	1	1	4	1
766	8	""	1	1	3	""	6	6	6	6	6	6	6	6	6	6	6	6	6	5	5	5	5	5	6	2	4	4	4	2	2	2	2	2	2	2	2	4	2	2	2	2	2	2	1	1	1	1	1	1	5	18	"2"	10	""	6	3	""	1	0	2	0	"int"	1	2	2	2	2	5	1
767	8	""	1	1	3	""	6	6	6	6	6	6	6	6	6	6	6	6	6	5	5	5	5	5	3	2	5	5	5	1	1	1	1	1	1	1	3	4	1	1	1	1	1	1	1	1	1	1	1	1	5	19	"2"	10	""	6	3	""	1	0	2	0	"int"	1	1	2	2	2	5	1
768	8	""	1	1	3	""	4	6	6	6	6	6	6	6	6	6	6	6	6	5	5	5	5	5	3	2	5	5	5	1	1	1	1	1	1	1	3	4	1	1	1	1	1	1	1	1	1	1	1	1	5	21	"2"	10	""	6	3	""	1	0	2	0	"int"	1	1	2	2	2	5	1
769	8	""	1	1	3	""	4	6	4	6	6	6	6	6	6	6	6	6	6	5	5	5	5	5	3	2	5	5	5	2	2	2	2	2	2	2	3	4	2	2	2	2	2	2	1	1	1	1	1	1	5	51	"1"	10	""	6	6	""	1	2	2	0	"int"	1	2	2	2	2	5	1
770	8	""	1	1	3	""	4	6	4	6	6	6	6	6	6	6	6	6	6	5	5	5	4	5	3	2	5	5	5	2	2	2	2	2	2	2	3	4	2	2	2	2	2	2	1	1	1	1	1	1	5	48	"2"	10	""	6	5	""	2	0	2	0	"int"	1	2	2	2	2	5	1
771	9	""	2	5	1	""	5	4	5	5	4	4	5	5	5	5	5	6	6	5	5	5	5	5	5	5	5	5	5	4	4	3	4	4	4	1	1	1	1	1	1	1	1	1	4	2	2	2	2	4	4	27	"2"	1	""	5	3	""	2	0	2	0	"swe"	2.66666666666667	3.8	2	2	2	5	2
772	9	""	3	5	1	""	4	4	5	5	5	3	3	4	5	5	5	3	4	5	5	5	5	5	5	5	5	5	5	5	5	3	4	3	4	2	1	1	2	1	1	1	1	1	2	4	2	2	2	4	5	29	"1"	1	""	5	3	""	3	2	3	0	"swe"	2.66666666666667	4	3	2	2	5	3
773	9	""	4	7	4	""	5	2	5	4	3	4	4	2	4	4	4	4	5	5	5	5	4	2	5	5	5	5	5	5	4	2	4	5	5	4	2	1	1	1	1	1	1	1	1	2	1	2	2	4	4	55	"2"	1	""	2	5	""	3	5	1	0	"swe"	2	4	1	1	1	5	4
774	9	""	1	3	4	""	4	4	4	5	2	4	4	4	3	3	3	3	3	5	5	5	5	5	5	5	5	5	5	5	4	4	5	4	2	1	1	1	1	1	1	1	1	1	1	5	2	1	1	1	5	32	"1"	8	""	2	5	""	1	0	2	0	"int"	1.83333333333333	4.4	2	2	2	5	1
775	8	""	5	21	4	""	5	5	5	5	4	5	5	5	5	5	3	5	5	5	5	5	5	5	5	5	5	5	5	2	2	2	2	2	2	2	2	2	2	2	2	2	2	2	2	2	2	2	2	2	5	24	"2"	1	""	4	5	""	5	0	1	0	"swe"	2	2	1	1	1	5	5
776	8	""	1	4	1	""	5	5	5	5	6	5	5	5	6	6	6	6	5	5	5	5	5	4	5	5	5	5	5	1	1	1	1	1	1	1	1	1	1	1	1	1	1	1	4	4	2	2	4	4	2	35	"2"	1	""	2	4	""	3	1	1	1	"swe"	3.33333333333333	1	2	2	2	5	1
777	8	""	3	4	1	""	5	5	5	5	6	5	5	5	5	5	6	6	5	5	5	5	5	4	5	5	5	5	5	1	1	1	1	1	1	1	1	1	1	1	1	1	1	1	4	4	2	2	4	4	3	38	"1"	1	""	2	4	""	5	1	1	1	"swe"	3.33333333333333	1	2	2	2	5	3
778	8	""	3	4	1	""	5	6	5	5	6	5	5	5	6	6	6	6	5	5	5	5	5	5	5	5	5	5	5	1	1	1	1	1	1	1	1	1	1	1	1	1	1	1	4	4	2	2	4	4	4	73	"1"	1	""	2	5	""	6	0	2	0	"swe"	3.33333333333333	1	2	2	2	5	3
779	8	""	1	5	3	""	5	6	5	5	6	5	5	5	5	6	6	6	6	5	5	5	5	5	5	5	5	5	5	1	1	1	1	1	1	1	1	1	1	1	1	1	1	1	1	1	1	1	1	1	5	53	"2"	6	""	2	4	""	3	2	2	0	"int"	1	1	2	2	2	5	1
780	8	""	1	4	3	""	5	5	5	5	6	6	6	5	5	6	6	6	5	5	5	5	5	5	5	5	5	5	5	1	1	1	1	1	1	1	1	1	1	1	1	1	1	1	4	4	1	1	1	1	5	48	"1"	6	""	2	3	""	3	0	2	0	"int"	2	1	2	2	2	5	1
781	8	""	1	4	3	""	5	5	5	5	6	6	6	5	6	6	6	6	5	5	5	5	5	5	5	5	5	5	5	1	1	1	1	1	1	1	1	1	1	1	1	1	1	1	1	1	1	1	1	1	5	51	"2"	6	""	2	4	""	4	4	1	0	"int"	1	1	1	1	1	5	1
782	8	""	1	4	3	""	5	6	5	5	6	6	6	5	6	6	6	6	5	5	5	5	5	5	5	5	5	5	5	1	1	1	1	1	1	1	1	1	1	1	1	1	1	1	1	1	1	1	1	1	5	50	"1"	6	""	2	3	""	6	2	2	0	"int"	1	1	2	2	2	5	1
783	8	""	1	2	1	""	4	6	4	6	6	4	5	4	6	6	6	6	6	5	5	5	5	5	5	5	5	5	5	1	1	1	1	1	1	1	1	1	1	1	1	1	1	1	4	4	2	1	1	1	5	59	"1"	1	""	8	3	""	3	0	1	0	"swe"	2.16666666666667	1	1	1	1	5	1
784	10	""	1	1	2	""	5	4	5	5	3	5	5	5	5	3	3	3	3	3	5	5	5	5	4	5	5	5	5	4	4	2	2	2	2	1	2	1	1	1	2	4	3	1	3	5	4	3	3	3	5	29	"2"	10	""	5	5	""	5	0	2	0	"int"	3.5	2.8	2	2	2	5	1
785	8	""	1	2	1	""	4	6	4	4	6	4	5	5	6	6	6	6	6	5	5	5	5	5	5	5	5	5	5	1	1	1	1	1	1	1	1	1	1	1	1	1	1	1	4	4	2	1	1	1	5	57	"2"	1	""	8	3	""	3	0	1	0	"swe"	2.16666666666667	1	1	1	1	5	1
786	8	""	5	1	2	""	5	5	5	5	6	5	5	5	5	5	6	5	5	5	5	5	5	5	5	5	5	5	5	1	1	1	1	1	1	1	1	1	1	1	1	1	1	1	1	4	1	1	1	1	5	67	"1"	1	""	8	3	""	4	0	0	0	"swe"	1.5	1	0	1	1	5	5
787	8	""	5	1	2	""	5	6	5	5	6	5	5	5	6	5	6	5	5	5	5	5	5	5	5	5	5	5	5	1	1	1	1	1	1	1	1	1	1	1	1	1	1	1	1	1	1	1	1	1	5	40	"2"	1	""	8	3	""	5	0	1	0	"swe"	1	1	1	1	1	5	5
788	8	""	1	3	3	""	5	5	5	5	6	6	6	5	5	6	6	6	6	5	5	5	5	5	5	4	5	5	5	1	1	4	4	4	4	1	1	1	1	1	1	1	1	1	2	4	4	2	2	2	5	37	"2"	1	""	2	5	""	5	1	1	0	"swe"	2.66666666666667	2.8	1	1	1	5	1
789	8	""	1	2	3	""	5	5	5	5	6	6	6	5	6	6	6	6	6	5	5	5	5	5	5	5	5	5	5	1	1	4	4	4	4	1	1	1	1	1	1	1	1	1	2	2	2	2	2	2	5	39	"2"	1	""	2	5	""	5	1	0	0	"swe"	2	2.8	0	1	1	5	1
790	10	""	2	1	2	""	5	4	4	5	3	5	5	5	3	3	3	3	3	5	5	5	5	5	3	5	5	4	5	3	3	3	3	3	3	1	3	1	4	1	4	4	2	1	4	4	4	3	3	3	4	31	"1"	10	""	5	6	""	5	0	2	0	"int"	3.5	3	2	2	2	5	2
791	8	""	4	1	2	""	5	5	5	6	6	6	6	5	5	6	6	5	5	5	5	5	4	4	3	2	4	4	4	4	4	4	4	4	4	1	1	4	1	1	4	1	1	1	1	2	1	1	4	4	5	33	"2"	1	""	8	5	""	15	0	1	0	"swe"	2.16666666666667	4	1	1	1	5	4
792	10	""	1	1	2	""	5	3	5	5	3	5	5	5	3	3	3	3	3	5	5	5	5	5	5	5	5	5	5	3	3	3	4	5	1	1	1	1	4	2	2	4	3	1	3	5	4	3	3	3	5	56	"2"	11	""	3	5	""	5	0	2	0	"int"	3.5	3.6	2	2	2	5	1
793	8	""	4	1	2	""	5	5	5	6	6	6	6	5	5	6	6	6	6	5	5	5	4	4	5	2	4	4	4	4	4	4	4	4	4	1	1	4	1	1	4	1	1	1	2	2	2	2	4	4	5	35	"1"	1	""	8	5	""	15	2	1	0	"swe"	2.66666666666667	4	1	1	1	5	4
794	8	""	1	4	3	""	4	6	4	5	6	5	5	5	3	6	6	6	5	5	5	5	5	5	5	5	5	5	5	2	2	2	2	2	2	2	2	2	2	2	2	2	2	2	2	2	2	2	2	2	4	55	"1"	4	""	6	3	""	2	1	2	0	"int"	2	2	2	2	2	5	1
795	8	""	1	4	3	""	4	6	5	5	6	5	5	5	5	6	6	6	5	5	5	5	5	5	5	5	5	5	5	2	2	2	2	2	2	2	2	2	2	2	2	2	2	2	2	2	2	2	2	2	4	54	"2"	4	""	6	3	""	2	0	2	0	"int"	2	2	2	2	2	5	1
796	8	""	2	3	3	""	5	5	5	5	6	5	5	5	6	6	6	6	6	5	5	5	5	5	5	5	5	5	5	2	2	2	2	2	2	1	1	1	1	1	1	1	1	1	3	4	3	2	2	2	5	61	"1"	7	""	6	3	""	3	0	1	0	"int"	2.66666666666667	2	1	1	1	5	2
797	8	""	2	3	3	""	5	5	5	5	6	5	5	5	5	6	6	6	5	5	5	5	5	5	5	5	5	5	5	2	2	2	2	2	2	1	1	1	1	1	1	1	1	1	3	4	2	2	2	2	5	62	"2"	7	""	6	4	""	3	0	2	0	"int"	2.5	2	2	2	2	5	2
798	8	""	5	1	4	""	5	5	5	2	2	5	5	5	5	2	6	4	4	5	5	5	5	5	2	5	5	5	5	1	1	1	1	1	1	1	1	1	1	1	1	1	1	1	1	1	1	1	1	1	5	29	"2"	1	""	4	3	""	4	0	1	0	"swe"	1	1	1	1	1	5	5
799	8	""	5	1	4	""	5	5	5	2	2	5	5	5	5	2	3	5	5	5	5	5	5	5	2	5	5	5	5	1	1	1	1	1	1	1	1	1	1	1	1	1	1	1	1	1	1	1	1	1	5	30	"1"	1	""	4	3	""	4	0	1	0	"swe"	1	1	1	1	1	5	5
800	8	""	1	1	2	""	5	6	5	5	6	5	5	5	5	6	6	6	6	5	5	5	5	5	3	3	5	5	5	1	1	1	4	1	4	1	3	3	1	1	1	1	1	1	1	1	1	1	1	1	5	39	"1"	12	"Spain"	2	5	""	12	1	4	0	"int"	1	1.6	4	3	2	5	1
801	8	""	1	1	2	""	5	5	5	5	6	5	5	5	6	6	6	6	6	5	5	5	5	5	3	3	5	5	5	1	1	1	4	1	4	1	3	3	1	1	1	1	1	1	1	1	1	1	1	1	5	36	"2"	12	"Spain"	2	5	""	12	1	4	0	"int"	1	1.6	4	3	2	5	1
802	8	""	1	1	2	""	5	5	5	5	6	5	5	5	6	6	6	6	6	5	5	5	5	5	5	5	5	5	5	1	1	1	4	1	4	1	3	3	1	1	1	1	1	1	1	1	1	1	1	1	5	19	"2"	12	"Spain"	2	3	""	6	0	2	0	"int"	1	1.6	2	2	2	5	1
803	8	""	1	1	3	""	6	6	6	5	6	5	5	5	6	6	6	6	5	5	5	5	5	5	5	5	5	5	5	4	4	1	1	1	1	1	1	1	1	1	1	1	1	1	1	1	1	1	1	1	5	38	"2"	10	""	8	5	""	1	0	2	0	"int"	1	2.2	2	2	2	5	1
804	8	""	1	1	3	""	5	6	5	5	6	5	5	5	6	5	6	6	5	5	5	5	5	5	3	3	5	5	5	4	4	1	1	1	1	1	3	3	1	1	1	1	1	1	1	1	1	1	1	1	5	43	"1"	10	""	8	5	""	3	0	4	0	"int"	1	2.2	4	3	2	5	1
805	8	""	1	1	3	""	5	5	5	5	6	5	5	5	6	5	6	6	5	5	5	5	5	5	3	3	5	5	5	2	2	2	2	2	2	1	3	3	1	1	1	1	1	1	1	1	1	1	1	1	5	45	"1"	10	""	7	5	""	3	0	3	0	"int"	1	2	3	2	2	5	1
806	8	""	1	1	3	""	5	6	5	5	6	5	5	5	6	5	6	6	5	5	5	5	5	5	5	5	5	5	5	2	2	2	2	2	2	1	3	3	1	1	1	1	1	1	1	1	1	1	1	1	5	55	"2"	10	""	7	4	""	4	1	2	0	"int"	1	2	2	2	2	5	1
807	8	""	5	1	2	""	2	5	2	5	6	2	5	5	5	5	6	6	6	5	5	5	4	4	2	4	5	5	5	4	4	4	4	1	4	1	4	4	1	1	1	1	1	1	4	4	4	1	1	1	5	22	"2"	10	""	6	5	""	10	1	4	0	"int"	2.5	3.4	4	3	2	5	5
808	8	""	5	1	2	""	2	5	2	5	6	2	5	5	6	5	6	6	5	5	5	5	5	5	2	2	5	5	5	4	4	4	4	2	4	1	4	4	2	2	2	2	2	2	4	4	2	2	1	1	5	75	"2"	10	""	6	4	""	8	0	3	0	"int"	2.33333333333333	3.6	3	2	2	5	5
809	8	""	2	7	7	"Urlaub"	2	2	3	2	3	2	1	1	3	3	3	3	2	2	2	2	5	5	5	5	5	5	5	5	5	4	3	4	4	2	2	2	1	4	2	2	2	2	3	4	3	3	3	3	5	34	"2"	10	""	4	6	""	5	0	3	0	"int"	3.16666666666667	4.2	3	2	2	2	2
810	8	""	1	1	2	""	5	6	5	6	6	5	5	5	6	5	6	6	6	6	6	6	5	5	4	2	5	5	5	1	1	1	1	1	1	1	3	4	1	1	1	1	1	1	1	5	1	1	1	1	5	47	"2"	10	""	7	3	""	15	20	1	0	"int"	1.66666666666667	1	1	1	1	NA	1
811	8	""	1	1	2	""	4	6	4	6	6	6	6	5	5	5	6	6	6	6	6	6	5	5	4	2	5	5	5	1	1	1	1	1	1	1	3	4	1	1	1	1	1	1	1	1	1	1	1	1	5	48	"1"	10	""	7	3	""	15	15	1	0	"int"	1	1	1	1	1	NA	1
812	10	""	1	1	2	""	5	4	4	5	5	5	5	5	3	3	3	3	3	3	3	3	5	5	5	4	5	3	4	1	1	1	1	1	1	1	2	2	2	2	2	2	2	2	1	4	4	5	1	1	4	25	"2"	1	""	4	3	""	12	2	0	0	"swe"	2.66666666666667	1	0	1	1	3	1
813	8	""	1	3	4	""	4	4	4	4	2	5	5	5	4	5	6	6	5	5	5	5	5	5	5	5	5	5	5	4	4	2	5	2	5	2	2	2	2	2	2	2	2	2	4	4	4	2	2	2	4	25	"1"	1	""	4	6	""	4	2	2	0	"swe"	3	3.4	2	2	2	5	1
814	10	""	4	1	2	""	4	3	4	5	3	5	5	5	3	3	3	3	3	5	5	5	5	5	5	5	5	3	4	4	4	1	1	4	1	1	1	1	1	4	1	1	1	1	1	4	4	4	1	1	4	25	"1"	1	""	4	3	""	10	2	1	2	"swe"	2.5	2.8	3	2	2	5	4
815	8	""	1	1	3	""	6	6	6	5	6	5	5	5	6	5	6	6	5	5	5	5	5	5	5	5	5	5	5	1	1	1	1	1	1	1	1	1	1	1	1	1	1	1	3	1	1	1	1	1	5	51	"1"	1	""	4	3	""	2	0	3	0	"swe"	1.33333333333333	1	3	2	2	5	1
816	8	""	1	1	3	""	6	6	6	5	6	5	5	5	6	5	6	6	5	5	5	5	5	5	5	5	5	5	5	2	2	2	2	2	2	1	1	1	1	1	1	1	1	1	2	2	2	2	2	2	5	46	"2"	1	""	4	3	""	2	5	3	0	"swe"	2	2	3	2	2	5	1
817	10	""	2	1	2	""	5	5	4	4	3	4	5	4	3	3	3	3	3	4	4	4	5	5	5	5	5	5	5	1	1	1	1	4	1	1	1	1	2	1	1	1	1	1	1	4	1	1	1	1	5	23	"2"	1	""	4	3	""	20	2	5	2	"swe"	1.5	1.6	7	3	2	4	2
818	10	""	1	1	2	""	5	3	4	5	3	5	5	5	3	3	3	3	3	5	5	5	4	5	4	5	5	3	5	3	3	3	3	3	3	1	2	2	4	1	4	4	3	1	5	5	3	3	3	4	5	32	"2"	2	""	6	5	""	5	0	3	0	"int"	3.83333333333333	3	3	2	2	5	1
819	6	""	3	6	4	""	4	5	4	6	5	6	6	4	5	3	3	4	5	2	5	2	5	5	3	6	6	6	5	2	2	3	3	4	4	1	1	1	1	1	1	1	1	2	2	4	4	2	1	1	5	25	"2"	1	""	4	5	""	5	10	1	0	"swe"	2.33333333333333	2.8	1	1	1	5	3
820	8	""	2	1	2	""	4	6	4	4	6	4	4	5	6	6	6	6	6	5	5	5	5	5	5	5	5	5	5	1	1	1	1	1	1	1	1	1	1	1	1	1	1	1	1	1	1	1	1	1	5	24	"2"	1	""	7	5	""	8	0	1	0	"swe"	1	1	1	1	1	5	2
821	8	""	2	1	2	""	5	6	4	4	6	5	5	5	6	6	6	6	6	5	5	5	5	5	5	5	5	5	5	1	1	1	1	1	1	1	1	1	1	1	1	1	1	1	1	1	1	1	1	1	5	26	"1"	1	""	7	4	""	8	2	1	0	"swe"	1	1	1	1	1	5	2
822	8	""	1	2	3	""	5	6	5	5	5	5	5	5	5	6	6	6	6	5	5	5	5	5	5	2	5	5	5	2	2	5	4	4	4	1	1	4	1	1	1	1	1	1	1	4	1	1	1	1	5	34	"2"	10	""	6	5	""	2	0	2	0	"int"	1.5	3.4	2	2	2	5	1
823	8	""	1	2	3	""	5	6	5	5	6	5	5	5	5	6	6	6	6	5	5	5	5	5	5	2	5	5	5	2	2	4	4	4	4	1	1	4	1	1	1	1	1	1	1	4	1	1	1	1	5	34	"2"	10	""	2	5	""	5	0	2	0	"int"	1.5	3.2	2	2	2	5	1
824	8	""	1	2	3	""	5	6	5	5	6	5	5	5	5	6	6	6	6	5	5	5	5	5	5	2	5	5	5	2	2	4	4	4	4	1	1	4	1	1	1	1	1	1	1	4	1	1	1	1	5	34	"1"	10	""	6	5	""	2	0	2	0	"int"	1.5	3.2	2	2	2	5	1
825	8	""	1	2	3	""	4	6	4	4	6	5	5	5	5	6	6	6	6	5	5	5	5	5	5	3	5	5	5	1	1	4	4	4	2	1	1	3	1	1	1	1	1	1	1	4	1	1	1	1	5	35	"1"	10	""	2	4	""	4	0	2	0	"int"	1.5	2.8	2	2	2	5	1
826	8	""	5	1	2	""	5	5	5	5	6	4	5	6	6	6	6	6	6	5	5	5	5	5	6	4	5	5	5	1	1	1	1	1	1	1	1	2	1	1	1	1	1	1	1	1	1	1	1	2	5	43	"2"	1	""	3	6	""	40	4	1	0	"swe"	1.16666666666667	1	1	1	1	5	5
827	8	""	5	1	2	""	5	5	5	5	6	4	5	6	5	6	6	6	6	5	5	5	5	5	5	4	5	5	5	1	1	1	1	1	1	1	1	2	1	1	1	1	1	1	1	1	1	1	1	2	5	69	"2"	1	""	8	2	""	20	0	2	0	"swe"	1.16666666666667	1	2	2	2	5	5
828	8	""	5	1	2	""	5	5	5	5	6	4	5	5	5	6	6	6	6	5	5	5	5	5	5	4	5	5	5	1	1	1	1	1	1	1	1	2	1	1	1	1	1	1	1	1	1	1	1	1	5	70	"1"	1	""	8	2	""	20	0	2	0	"swe"	1	1	2	2	2	5	5
829	8	""	5	1	2	""	5	5	5	5	6	5	5	5	5	6	6	6	6	5	5	5	5	5	5	4	5	5	5	1	1	1	1	1	1	1	1	1	1	1	1	1	1	1	1	1	1	1	1	2	5	44	"1"	1	""	3	5	""	40	2	2	0	"swe"	1.16666666666667	1	2	2	2	5	5
830	8	""	3	7	1	""	5	6	5	5	6	5	5	5	6	6	6	6	6	5	5	5	5	5	5	5	5	5	5	1	4	5	4	1	4	1	1	1	1	1	1	1	1	1	1	1	1	1	1	1	5	35	"2"	1	""	2	5	""	3	10	1	5	"swe"	1	3	6	3	2	5	3
831	8	""	3	7	1	""	5	6	5	5	6	5	5	5	6	6	6	6	6	5	5	5	5	5	5	5	5	5	5	2	4	4	4	2	4	1	1	1	1	1	1	1	1	1	1	1	1	1	1	1	5	35	"1"	1	""	2	5	""	5	8	2	2	"swe"	1	3.2	4	3	2	5	3
832	8	""	3	7	1	""	5	6	5	5	6	5	5	5	6	6	6	6	6	5	5	5	5	5	5	5	5	5	5	1	4	4	4	2	4	1	1	1	1	1	1	1	1	1	1	1	1	1	1	1	5	18	"2"	1	""	2	3	""	3	0	2	0	"swe"	1	3	2	2	2	5	3
833	8	""	2	7	1	""	5	6	5	5	6	5	5	5	6	6	6	6	6	5	5	5	5	5	5	5	5	5	5	1	4	4	4	1	4	1	1	1	1	1	1	1	1	1	1	1	1	1	1	1	5	28	"2"	1	""	2	3	""	4	0	2	0	"swe"	1	2.8	2	2	2	5	2
834	8	""	1	1	2	""	5	6	5	5	6	6	6	5	6	6	6	6	6	5	5	5	2	5	2	3	4	4	4	5	5	5	2	2	5	2	4	2	2	2	4	2	2	2	5	5	1	1	1	1	5	38	"1"	12	"Austria"	8	6	""	3	5	1	0	"int"	2.33333333333333	3.8	1	1	1	5	1
835	8	""	1	1	2	""	5	6	5	5	6	5	5	5	6	6	6	6	6	5	5	5	2	5	2	4	5	5	5	5	5	5	2	2	2	2	4	2	2	2	4	2	2	2	4	4	1	1	1	1	5	36	"2"	12	"Austria"	8	5	""	3	1	1	0	"int"	2	3.8	1	1	1	5	1
836	8	""	1	1	2	""	5	6	5	5	6	5	5	5	6	6	6	6	6	5	5	5	2	4	2	4	4	4	4	4	4	4	2	2	2	2	4	2	2	2	4	2	2	2	4	4	2	2	2	2	5	19	"2"	12	"Austria"	8	3	""	4	0	1	0	"int"	2.66666666666667	3.2	1	1	1	5	1
837	8	""	1	1	2	""	5	6	5	5	6	5	5	5	6	6	6	6	6	5	5	5	2	4	2	4	4	4	4	4	4	4	2	2	2	2	4	2	2	2	4	2	2	2	4	4	2	2	2	2	5	21	"2"	12	"Austria"	8	3	""	5	0	1	0	"int"	2.66666666666667	3.2	1	1	1	5	1
838	8	""	1	1	3	""	5	6	5	5	6	5	5	5	6	5	6	6	5	5	5	5	5	5	5	5	5	5	5	4	4	4	2	4	4	2	2	2	2	2	2	2	2	2	2	2	2	2	2	2	5	47	"2"	1	""	8	3	""	4	0	2	0	"swe"	2	3.6	2	2	2	5	1
839	8	""	1	1	3	""	5	6	5	5	6	5	5	5	6	5	6	6	5	5	5	5	5	5	5	5	5	5	5	4	4	4	2	4	4	2	2	2	2	2	2	2	2	2	2	2	2	2	2	2	5	48	"1"	1	""	8	3	""	8	8	2	2	"swe"	2	3.6	4	3	2	5	1
840	8	""	1	1	3	""	5	6	5	5	6	5	5	5	6	5	6	6	6	5	5	5	5	5	5	5	5	5	5	2	2	2	2	2	2	2	2	2	2	2	2	2	2	2	2	2	2	2	2	2	5	42	"2"	2	""	5	3	""	3	2	2	0	"int"	2	2	2	2	2	5	1
841	8	""	1	1	3	""	5	6	5	5	6	5	5	5	6	5	6	6	6	5	5	5	5	5	5	5	5	5	5	2	2	2	2	2	2	2	2	2	2	2	2	2	2	2	2	2	2	2	2	2	5	43	"1"	2	""	5	4	""	4	2	2	0	"int"	2	2	2	2	2	5	1
842	8	""	1	1	3	""	5	6	5	5	6	5	5	5	5	5	6	6	5	5	5	5	5	5	5	5	5	5	5	1	1	1	1	1	1	1	1	1	1	1	1	1	1	1	1	1	1	1	1	1	5	21	"2"	2	""	2	3	""	4	0	5	0	"int"	1	1	5	3	2	5	1
843	8	""	1	1	3	""	6	6	6	4	6	4	4	5	6	4	6	6	4	5	5	3	4	4	5	5	4	4	4	4	4	2	2	2	4	2	2	1	2	2	2	2	2	2	2	2	2	2	2	2	2	22	"2"	12	"Austria"	5	3	""	4	0	3	0	"int"	2	2.8	3	2	2	5	1
844	8	""	1	1	3	""	4	4	4	4	6	4	4	4	6	4	6	6	4	5	5	3	4	4	4	4	4	4	4	4	4	2	4	4	4	2	2	2	2	2	2	2	2	2	2	2	2	2	2	2	5	52	"1"	1	""	4	3	""	2	2	1	1	"swe"	2	3.6	2	2	2	5	1
845	8	""	1	1	3	""	4	4	4	4	6	4	4	4	6	4	6	6	4	4	4	4	4	4	4	4	4	4	4	4	4	2	4	4	4	2	2	2	2	2	2	2	2	2	2	2	2	2	2	2	5	52	"2"	1	""	4	3	""	2	2	1	1	"swe"	2	3.6	2	2	2	4	1
846	8	""	1	1	3	""	4	6	4	4	6	4	4	4	6	4	6	6	4	4	4	4	4	4	4	4	4	4	4	4	2	2	4	2	4	2	2	2	2	2	2	2	2	2	2	2	2	2	2	2	4	75	"2"	1	""	7	2	""	3	0	1	0	"swe"	2	2.8	1	1	1	4	1
847	8	""	1	1	3	""	4	2	4	4	6	4	4	4	6	6	6	6	6	4	4	4	5	5	5	5	5	5	5	2	2	2	2	2	2	2	2	2	2	2	2	2	2	2	2	2	2	2	2	2	4	20	"1"	1	""	5	3	""	2	0	1	0	"swe"	2	2	1	1	1	4	1
848	6	""	4	1	2	""	6	5	4	5	4	5	5	5	5	6	6	6	6	4	4	6	5	5	5	5	5	5	5	1	1	4	4	1	3	1	1	1	1	2	1	1	2	1	1	1	1	1	1	1	5	22	"1"	1	""	5	3	""	5	2	1	0	"swe"	1	2.2	1	1	1	4	4
849	9	""	1	3	6	""	6	6	6	5	5	5	5	5	5	5	6	6	4	4	4	4	5	5	5	5	5	5	5	4	4	4	5	5	5	1	1	1	1	1	1	1	1	1	1	2	1	1	1	1	4	34	"1"	1	""	3	5	""	2	8	2	2	"swe"	1.16666666666667	4.4	4	3	2	4	1
850	9	""	2	5	1	""	5	5	5	5	5	5	5	5	4	4	5	2	5	5	5	5	5	4	5	5	5	5	5	5	4	5	5	4	5	2	1	1	2	1	1	1	1	1	1	4	2	4	1	2	5	36	"2"	1	""	4	5	""	2	0	4	0	"swe"	2.33333333333333	4.6	4	3	2	5	2
851	9	""	1	4	4	""	5	6	4	5	4	5	4	4	4	2	2	6	3	2	5	4	5	4	3	2	4	4	4	3	4	3	3	3	4	2	4	4	2	4	2	3	4	4	3	4	4	2	2	4	5	19	"1"	11	""	2	3	""	5	0	0	0	"int"	3.16666666666667	3.2	0	1	1	5	1
852	9	""	5	1	2	""	5	5	4	4	2	5	5	4	4	4	2	5	5	5	5	5	4	4	5	5	5	5	5	5	5	3	4	3	5	2	2	1	1	4	1	1	1	1	2	4	2	4	1	1	5	22	"2"	1	""	4	3	""	2	0	1	0	"swe"	2.33333333333333	4	1	1	1	5	5
853	9	""	1	3	4	""	4	4	5	4	5	4	4	2	4	2	2	6	6	5	5	5	5	5	4	5	5	5	5	5	4	2	4	5	4	1	2	2	4	2	1	1	1	1	1	4	4	1	1	2	5	55	"2"	11	""	2	6	""	0	2	4	0	"int"	2.16666666666667	4	4	3	2	5	1
854	9	""	1	3	4	""	4	4	4	5	6	4	5	4	4	2	2	6	4	5	5	5	5	5	5	5	5	5	5	5	4	4	2	4	5	1	2	1	2	2	1	1	1	1	4	4	2	2	1	2	5	52	"2"	11	""	3	6	""	1	4	3	0	"int"	2.5	3.8	3	2	2	5	1
855	9	""	3	8	1	""	5	2	5	5	4	4	4	5	4	3	2	4	5	4	5	5	5	2	5	5	5	5	5	5	4	2	2	5	5	4	1	1	1	4	1	1	1	1	4	4	2	4	1	4	4	24	"2"	1	""	4	3	""	1	0	2	0	"swe"	3.16666666666667	3.6	2	2	2	5	3
856	9	""	2	2	4	""	4	4	5	5	4	5	5	4	4	4	4	4	4	5	4	4	5	4	5	5	5	5	5	5	5	4	2	5	4	2	2	1	2	2	1	1	1	1	1	4	1	4	1	4	5	29	"2"	4	""	2	5	""	3	0	2	0	"int"	2.5	4.2	2	2	2	4	2
857	9	""	1	1	2	""	4	4	5	4	4	5	5	5	5	4	4	4	4	5	5	5	5	5	5	5	5	5	5	4	4	4	1	4	4	1	2	1	2	2	2	2	2	2	1	2	1	1	1	1	5	34	"1"	10	""	4	3	""	0	0	2	0	"int"	1.16666666666667	3.4	2	2	2	5	1
858	9	""	2	3	4	""	5	4	4	4	5	2	4	5	5	4	4	4	4	5	4	5	5	5	5	5	5	5	5	4	5	5	4	4	4	1	1	1	4	4	1	1	1	1	1	4	4	1	1	4	4	45	"2"	7	""	5	5	""	0	0	4	0	"int"	2.5	4.4	4	3	2	4	2
859	9	""	1	1	2	""	5	2	5	3	3	4	5	5	3	4	3	3	4	5	5	5	5	6	6	5	5	5	5	4	4	4	5	5	4	1	1	1	2	1	1	1	1	1	4	4	2	2	2	2	5	56	"2"	12	"Estonia"	4	5	""	3	0	3	0	"int"	2.66666666666667	4.4	3	2	2	5	1
860	9	""	1	1	2	""	5	5	5	5	6	4	5	5	5	5	6	5	5	5	5	5	5	5	6	6	5	5	5	5	5	5	5	5	5	2	1	1	2	2	1	1	1	1	4	4	2	2	2	4	4	69	"1"	12	"Estonia"	3	6	""	3	0	1	0	"int"	3	5	1	1	1	5	1
861	9	""	2	7	1	""	5	5	4	5	5	5	5	5	5	4	5	4	5	5	5	5	5	4	4	5	5	5	5	4	4	5	5	5	4	2	2	1	1	2	1	1	1	1	4	4	2	4	1	2	4	26	"2"	1	""	5	5	""	2	0	1	0	"swe"	2.83333333333333	4.6	1	1	1	5	2
862	9	""	2	1	2	""	4	4	4	5	5	5	4	5	5	5	4	6	5	5	5	5	5	5	4	5	5	5	5	5	5	5	2	5	5	1	2	1	4	2	2	1	1	1	1	1	4	1	1	2	5	49	"1"	10	""	3	6	""	0	12	4	2	"int"	1.66666666666667	4.4	6	3	2	5	2
863	9	""	2	4	6	""	5	1	4	4	3	4	4	4	2	3	2	6	4	4	2	4	4	4	2	2	4	4	4	4	4	4	4	4	4	2	2	2	2	4	2	2	2	2	2	4	2	4	2	4	4	26	"2"	1	""	3	5	""	6	4	2	0	"swe"	3	4	2	2	2	2	2
864	9	""	3	5	6	""	5	2	4	4	6	4	4	4	2	6	6	6	4	4	2	2	4	4	2	2	5	5	5	5	4	4	4	4	5	2	2	2	2	4	4	4	2	4	2	4	2	5	2	4	4	24	"2"	1	""	4	5	""	5	4	1	0	"swe"	3.16666666666667	4.2	1	1	1	2	3
865	9	""	3	6	6	""	5	1	4	4	6	4	4	4	2	6	6	6	4	4	4	4	5	4	4	4	5	4	4	4	4	4	4	4	5	2	2	2	2	4	2	2	2	4	2	4	2	4	2	4	4	24	"2"	1	""	4	5	""	5	5	1	0	"swe"	3	4	1	1	1	4	3
866	9	""	2	4	6	""	5	2	4	5	6	4	4	4	2	6	6	6	4	4	2	4	5	4	4	4	5	4	4	4	4	4	4	4	5	2	2	2	2	4	2	2	2	2	2	4	2	4	2	2	4	24	"2"	1	""	4	5	""	7	5	2	1	"swe"	2.66666666666667	4	3	2	2	2	2
867	9	""	2	3	4	""	4	5	4	4	4	5	5	5	5	4	4	5	5	4	5	5	5	5	5	5	5	5	5	5	5	5	5	5	4	1	1	1	1	2	1	1	1	1	2	1	1	2	1	1	4	20	"1"	1	""	3	3	""	2	0	2	0	"swe"	1.33333333333333	5	2	2	2	5	2
868	9	""	1	1	2	""	5	4	5	5	6	4	4	4	6	6	6	6	4	4	4	4	4	4	4	4	4	4	4	2	2	2	4	4	4	2	2	2	2	4	4	2	2	2	2	2	2	2	2	2	5	55	"1"	10	""	2	6	""	3	2	1	0	"int"	2	2.8	1	1	1	4	1
869	9	""	2	14	5	""	5	5	5	4	5	5	5	5	5	5	5	5	4	5	4	4	5	5	5	5	5	5	5	5	5	4	5	5	4	1	1	1	1	1	1	1	1	1	1	2	2	1	1	1	4	21	"1"	1	""	6	3	""	3	0	1	0	"swe"	1.33333333333333	4.8	1	1	1	4	2
870	9	""	1	1	2	""	5	2	5	5	6	4	4	4	6	6	6	6	4	4	4	4	4	4	4	4	4	4	4	4	2	2	4	4	4	2	2	2	2	4	2	2	2	4	2	4	2	2	2	2	5	50	"2"	10	""	2	6	""	5	2	1	0	"int"	2.33333333333333	3.2	1	1	1	4	1
871	9	""	3	10	4	""	5	4	5	5	6	4	4	4	2	4	6	6	4	4	4	2	4	4	4	5	5	4	4	4	4	4	4	4	4	2	2	2	2	4	4	2	4	4	2	2	2	2	2	2	4	47	"2"	1	""	2	5	""	5	1	1	0	"swe"	2	4	1	1	1	4	3
872	9	""	3	5	1	""	4	4	4	5	4	5	5	4	5	5	5	4	5	5	5	5	5	5	5	5	5	5	5	5	5	5	5	5	4	1	1	1	1	1	1	1	1	1	1	2	1	1	1	1	5	27	"2"	1	""	4	5	""	3	0	1	0	"swe"	1.16666666666667	5	1	1	1	5	3
873	9	""	1	2	4	""	5	1	5	4	4	5	5	4	5	4	4	5	4	5	5	4	4	4	5	4	5	4	4	4	4	4	4	5	4	1	2	1	1	1	1	1	1	1	1	2	1	1	1	1	5	29	"2"	8	""	2	5	""	2	2	2	0	"int"	1.16666666666667	4.2	2	2	2	5	1
874	9	""	2	2	4	""	5	5	5	5	2	5	5	5	5	4	5	5	5	5	5	5	2	1	2	1	1	2	1	4	4	4	4	5	5	1	1	1	2	2	1	1	1	1	4	4	1	1	1	2	5	32	"1"	8	""	2	5	""	3	0	2	0	"int"	2.16666666666667	4.2	2	2	2	5	2
875	9	""	3	7	5	""	5	5	5	5	5	5	5	5	5	5	6	5	4	5	5	5	5	5	5	5	5	5	5	5	5	5	5	5	5	2	2	1	1	2	1	1	1	1	1	2	1	1	1	1	5	21	"1"	1	""	7	3	""	5	0	0	0	"swe"	1.16666666666667	5	0	1	1	5	3
876	9	""	3	7	1	""	4	4	4	4	4	5	4	4	4	4	4	4	4	5	5	5	5	5	5	5	5	5	5	4	4	4	4	4	4	1	1	1	1	1	1	1	1	1	1	4	1	1	1	1	5	22	"1"	1	""	7	3	""	2	0	1	0	"swe"	1.5	4	1	1	1	5	3
877	9	""	2	4	6	""	5	2	5	5	3	4	4	4	2	3	3	3	4	4	4	3	4	4	4	4	4	4	4	4	4	4	4	4	4	2	2	2	2	4	4	2	2	4	2	2	2	2	2	2	5	32	"1"	2	""	2	6	""	3	2	2	1	"int"	2	4	3	2	2	4	2
878	9	""	1	7	1	""	5	2	5	5	2	5	5	5	5	5	5	5	5	5	5	5	5	5	5	5	5	5	5	5	5	5	2	5	2	1	4	1	1	1	1	1	1	1	4	1	1	1	1	1	4	22	"1"	1	""	6	3	""	2	0	3	0	"swe"	1.5	4.4	3	2	2	5	1
879	9	""	3	4	6	""	5	2	4	4	3	4	4	4	3	6	6	4	4	4	4	4	5	5	4	5	5	4	4	4	4	4	5	5	5	2	2	2	2	4	2	2	2	2	4	2	2	2	2	2	5	34	"1"	2	""	2	6	""	5	2	2	1	"int"	2.33333333333333	4.4	3	2	2	4	3
880	9	""	5	25	5	""	5	3	5	4	6	4	4	2	2	2	6	2	2	4	4	4	5	5	5	5	5	5	5	4	2	4	4	5	5	1	1	1	4	4	4	4	2	2	4	4	4	2	2	2	4	77	"2"	1	""	5	5	""	5	0	1	0	"swe"	3	3.8	1	1	1	4	5
881	9	""	5	25	5	""	5	3	5	5	6	4	4	4	4	3	6	2	4	4	4	4	5	5	5	5	5	5	5	5	5	5	4	5	5	2	2	2	2	4	2	2	2	4	2	4	2	2	2	4	4	78	"1"	1	""	5	6	""	5	0	1	0	"swe"	2.66666666666667	4.8	1	1	1	4	5
882	9	""	1	4	5	""	5	5	5	5	6	5	5	5	6	5	6	6	6	5	5	5	5	5	5	5	5	5	5	5	5	4	5	5	3	4	1	1	4	4	1	1	1	1	4	4	1	1	1	4	5	35	"2"	10	""	4	5	""	2	0	4	0	"int"	2.5	4.8	4	3	2	5	1
883	9	""	2	1	2	""	5	4	5	5	6	5	5	5	6	6	6	5	5	5	5	5	5	5	5	5	5	5	5	5	4	4	4	4	5	1	1	1	2	1	4	1	2	1	4	4	4	2	1	1	5	32	"2"	12	"India"	2	5	""	0	0	3	0	"int"	2.66666666666667	4.2	3	2	2	5	2
884	9	""	2	7	4	""	5	2	5	5	2	3	3	4	2	3	2	3	4	4	4	4	4	4	2	4	4	4	4	4	5	4	5	5	5	2	4	2	2	4	2	2	2	4	2	4	2	4	2	2	4	23	"2"	1	""	3	5	""	4	2	2	0	"swe"	2.66666666666667	4.6	2	2	2	4	2
885	9	""	5	90	4	""	5	4	2	2	1	5	4	4	3	2	1	2	5	5	4	2	5	5	5	5	5	5	5	4	4	2	2	2	2	1	1	1	2	4	2	2	2	2	2	4	2	4	1	1	4	23	"2"	1	""	7	3	""	8	0	1	0	"swe"	2.33333333333333	2.8	1	1	1	4	5
886	9	""	3	6	4	""	5	2	5	5	3	4	4	4	4	3	3	3	4	4	4	4	5	5	5	5	5	5	5	4	4	4	4	4	4	2	2	2	2	4	4	2	2	4	2	2	2	2	2	2	4	38	"1"	1	""	2	3	""	3	0	1	0	"swe"	2	4	1	1	1	4	3
887	9	""	3	8	4	""	5	2	5	5	6	4	4	2	2	2	2	2	4	4	4	2	5	4	4	5	5	4	5	4	5	4	4	5	5	2	2	2	2	4	2	2	2	4	2	4	2	2	2	2	4	37	"2"	1	""	2	5	""	3	1	1	0	"swe"	2.33333333333333	4.4	1	1	1	4	3
888	9	""	1	1	2	""	5	2	5	5	6	4	4	4	6	6	6	6	4	4	4	4	4	4	4	4	4	4	4	4	4	4	4	4	4	2	2	2	2	4	4	2	2	2	2	2	2	2	2	2	5	45	"2"	3	""	4	5	""	2	0	1	0	"int"	2	4	1	1	1	4	1
889	9	""	1	1	2	""	5	2	5	5	6	4	4	4	6	6	6	6	4	4	4	4	4	4	4	4	4	4	4	4	4	4	4	4	5	2	2	2	2	2	2	2	2	2	2	4	2	2	2	2	5	58	"1"	3	""	4	5	""	3	2	1	0	"int"	2.33333333333333	4	1	1	1	4	1
890	6	""	5	1	2	""	4	5	5	5	2	5	4	2	5	4	4	5	5	4	2	1	5	5	2	5	5	5	5	3	1	4	1	1	4	1	1	1	1	4	4	4	4	3	1	5	5	4	1	1	5	24	"2"	1	""	4	5	""	53	15	2	0	"swe"	2.83333333333333	2	2	2	2	2	5
891	6	""	5	1	2	""	4	4	5	5	2	5	2	2	4	3	2	5	4	4	2	1	5	5	3	4	5	5	5	1	1	1	1	1	1	1	1	1	1	5	4	1	2	2	4	5	1	1	1	4	5	24	"2"	1	""	4	5	""	50	3	5	0	"swe"	2.66666666666667	1	5	3	2	2	5
892	6	""	4	1	2	""	5	3	4	5	2	5	2	2	5	4	3	4	5	4	2	2	5	5	4	4	5	5	5	1	2	1	1	1	4	1	1	1	1	3	4	1	2	2	1	4	1	1	1	1	5	24	"1"	1	""	4	3	""	20	2	2	0	"swe"	1.5	1.2	2	2	2	2	4
893	6	""	5	1	1	""	4	5	5	5	2	5	2	2	4	3	3	4	4	4	2	2	5	5	4	5	5	5	5	1	1	1	1	4	4	1	1	1	1	5	5	1	2	4	4	5	1	1	1	4	5	25	"2"	1	""	4	5	""	50	4	6	0	"swe"	2.66666666666667	1.6	6	3	2	2	5
894	6	""	4	0	1	""	4	5	5	5	2	5	4	2	4	3	3	5	5	4	2	2	5	5	5	5	5	5	5	4	4	1	4	1	4	1	1	1	1	5	5	4	4	4	4	5	4	1	1	1	5	24	"2"	1	""	4	3	""	20	0	2	0	"swe"	2.66666666666667	2.8	2	2	2	2	4
895	6	""	5	0	2	""	5	5	5	5	3	5	4	2	4	3	2	4	4	4	2	1	5	5	4	4	5	5	5	1	1	1	1	1	1	1	1	1	1	5	5	4	5	5	5	5	2	2	2	2	5	25	"2"	1	""	4	3	""	15	0	2	0	"swe"	3	1	2	2	2	2	5
896	6	""	5	0	2	""	5	5	5	5	2	5	2	2	4	3	3	5	5	4	2	1	5	5	5	5	5	5	5	4	1	1	4	1	4	1	1	1	1	4	5	4	5	5	4	5	1	1	1	1	5	24	"2"	1	""	4	3	""	25	0	2	0	"swe"	2.16666666666667	2.2	2	2	2	2	5
897	6	""	5	0	2	""	4	5	5	5	1	5	2	2	4	3	3	5	5	5	2	2	5	5	5	5	5	5	5	4	4	3	3	4	3	1	1	1	1	5	5	5	5	5	4	5	1	4	1	4	5	23	"2"	1	""	4	3	""	30	2	4	0	"swe"	3.16666666666667	3.6	4	3	2	2	5
898	6	""	5	0	2	""	4	4	5	4	2	5	2	1	4	3	3	5	5	4	2	2	5	5	4	4	5	5	5	1	1	1	1	1	1	1	1	1	1	4	5	4	4	2	4	5	1	1	1	1	5	26	"2"	1	""	4	3	""	15	0	6	0	"swe"	2.16666666666667	1	6	3	2	2	5
899	6	""	3	0	2	""	3	4	3	5	2	5	2	2	4	3	3	5	5	4	2	2	5	5	4	4	5	5	5	1	4	1	1	4	1	1	1	1	2	4	5	4	5	2	4	5	1	2	1	2	5	24	"2"	1	""	4	3	""	30	0	3	0	"swe"	2.5	2.2	3	2	2	2	3
900	6	""	5	0	2	""	4	5	4	5	2	5	2	2	2	3	3	4	4	4	2	2	5	5	6	4	5	5	5	1	1	1	1	1	1	1	1	2	2	4	5	4	5	4	4	5	1	4	1	2	5	23	"2"	1	""	4	3	""	25	5	3	2	"swe"	2.83333333333333	1	5	3	2	2	5
901	6	""	3	0	2	""	3	3	3	5	2	5	2	3	4	3	3	5	5	4	4	2	5	4	4	5	5	5	5	1	1	1	1	1	1	1	1	2	2	5	5	4	5	3	4	5	1	1	1	4	5	23	"1"	1	""	4	3	""	20	6	6	0	"swe"	2.66666666666667	1	6	3	2	4	3
902	6	""	5	0	1	""	5	5	5	5	5	5	5	5	5	3	3	5	5	5	4	4	5	5	5	5	5	5	5	3	3	3	3	3	3	1	1	1	1	1	1	1	1	1	3	3	3	3	3	3	5	26	"1"	1	""	4	5	""	10	0	1	0	"swe"	3	3	1	1	1	4	5
903	6	""	2	0	1	""	5	3	5	5	2	5	4	4	4	3	3	5	5	4	4	2	5	5	5	5	5	5	5	4	4	3	3	4	4	1	1	1	1	1	1	1	4	4	3	4	3	3	3	3	5	25	"1"	1	""	4	3	""	30	0	4	0	"swe"	3.16666666666667	3.6	4	3	2	4	2
904	6	""	5	0	1	""	4	5	5	5	2	5	2	2	4	3	3	5	5	4	2	2	5	5	4	4	5	5	5	3	3	3	3	3	3	1	1	1	1	5	5	4	5	4	4	5	1	2	1	2	5	25	"2"	1	""	4	3	""	25	0	5	2	"swe"	2.5	3	7	3	2	2	5
905	6	""	5	0	1	""	5	5	5	5	2	5	2	4	4	3	3	5	5	4	4	2	5	5	5	5	5	5	5	4	4	3	3	4	3	1	1	1	1	5	5	1	5	4	4	5	1	4	1	1	5	24	"2"	1	""	4	3	""	40	10	2	6	"swe"	2.66666666666667	3.6	8	3	2	4	5
906	6	""	5	1	2	""	6	5	5	5	5	4	4	4	2	3	6	5	5	2	4	2	5	4	4	5	5	4	4	4	4	4	4	4	5	2	4	2	2	5	2	4	4	4	2	2	2	2	2	2	5	26	"2"	1	""	4	5	""	5	3	4	0	"swe"	2	4	4	3	2	4	5
907	6	""	4	1	4	""	5	5	5	5	5	5	5	5	5	5	6	5	5	5	4	2	5	5	5	5	5	5	5	2	2	2	2	2	2	2	2	2	2	2	2	2	2	2	2	2	2	2	2	2	5	25	"1"	1	""	4	5	""	3	3	4	4	"swe"	2	2	8	3	2	4	4
908	10	""	3	0	2	""	4	4	4	5	2	5	5	5	3	3	3	3	3	5	5	5	5	5	5	5	5	5	5	4	4	3	3	4	3	1	1	1	1	4	4	4	4	3	4	5	1	1	1	2	5	24	"2"	1	""	4	3	""	50	0	6	0	"swe"	2.33333333333333	3.6	6	3	2	5	3
909	10	""	3	0	2	""	5	4	5	5	2	5	5	5	5	3	3	5	5	5	5	5	5	5	5	5	5	5	5	4	4	1	1	4	1	1	1	1	2	4	5	4	4	4	1	5	2	2	1	1	5	24	"2"	1	""	4	3	""	30	15	3	4	"swe"	2	2.8	7	3	2	5	3
910	10	""	2	0	2	""	5	4	4	5	2	5	5	5	4	3	3	5	5	5	5	5	5	5	5	5	5	5	5	1	1	1	1	1	1	1	1	1	2	1	1	4	4	4	1	4	1	1	1	1	5	27	"2"	1	""	6	5	""	20	5	0	0	"swe"	1.5	1	0	1	1	5	2
911	10	""	2	0	2	""	5	4	4	5	1	5	5	4	4	3	3	4	4	5	5	4	5	5	4	4	5	5	5	4	4	4	4	4	4	1	1	1	1	5	5	4	4	4	1	4	1	4	1	1	5	25	"2"	1	""	4	5	""	25	0	1	0	"swe"	2	4	1	1	1	5	2
912	10	""	1	0	1	""	5	5	5	5	1	5	5	5	5	3	3	5	5	5	5	5	5	5	5	5	5	5	5	3	3	3	3	3	3	1	1	1	2	4	5	2	4	5	4	5	1	4	1	2	5	22	"2"	1	""	4	3	""	60	0	6	0	"swe"	2.83333333333333	3	6	3	2	5	1
913	10	""	1	0	2	""	3	3	3	4	6	5	5	5	6	6	6	6	6	5	5	5	5	5	2	4	5	5	5	3	3	3	3	3	3	1	1	1	2	4	5	4	4	4	1	5	1	4	1	1	5	27	"2"	1	""	4	6	""	20	0	2	0	"swe"	2.16666666666667	3	2	2	2	5	1
914	10	""	1	0	1	""	4	3	5	5	2	5	5	5	5	3	3	4	4	5	5	5	5	5	5	5	5	5	5	4	4	3	3	4	3	1	1	1	1	2	2	2	4	4	4	4	1	1	1	1	5	24	"1"	1	""	4	3	""	10	5	2	0	"swe"	2	3.6	2	2	2	5	1
915	10	""	1	0	2	""	5	5	5	5	6	5	5	5	5	3	3	4	4	5	5	5	5	5	2	2	5	5	5	4	4	4	4	4	4	1	1	1	2	5	5	4	4	4	4	5	2	4	2	4	5	24	"2"	1	""	4	3	""	20	0	2	1	"swe"	3.5	4	3	2	2	5	1
916	10	""	4	0	1	""	4	4	5	5	1	5	4	5	4	3	3	5	5	5	5	5	5	5	5	5	5	5	5	1	4	1	1	4	1	1	1	1	1	5	5	4	5	5	2	5	1	4	1	2	5	25	"2"	1	""	4	3	""	50	0	6	0	"swe"	2.5	2.2	6	3	2	5	4
917	7	""	5	1	7	"Nöje"	4	5	5	4	3	2	3	4	4	3	3	4	5	2	2	3	2	4	4	5	5	5	5	4	4	5	5	3	4	2	2	1	1	2	2	2	4	4	4	4	3	4	2	4	4	30	"2"	1	""	6	6	""	10	5	2	0	"swe"	3.5	4.2	2	2	2	2	5
918	7	""	5	2	7	"Noje"	5	5	5	5	5	4	6	4	6	3	4	4	5	2	2	3	2	4	4	5	5	5	5	3	4	3	3	3	3	2	2	2	4	4	4	4	4	4	3	4	4	3	3	4	4	37	"2"	1	""	5	5	""	5	2	1	0	"swe"	3.5	3.2	1	1	1	2	5
919	7	""	1	3	1	""	4	3	3	4	3	4	3	4	3	3	4	3	4	4	3	3	4	4	2	4	4	4	5	2	4	3	4	3	4	2	3	2	2	4	4	3	4	4	4	4	3	4	4	5	4	25	"2"	12	"Italy"	2	6	""	6	0	3	0	"int"	4	3.2	3	2	2	3	1
920	7	""	1	3	2	""	3	2	2	3	3	4	3	4	3	3	3	3	3	4	3	3	4	4	4	5	4	4	3	3	4	4	4	3	4	3	2	2	2	2	2	2	2	2	3	3	4	4	4	4	4	26	"1"	12	"Italy"	4	5	""	1	1	1	1	"int"	3.66666666666667	3.6	2	2	2	3	1
921	7	""	1	5	1	""	4	5	5	5	6	5	5	4	6	6	6	6	6	3	4	3	5	5	5	4	5	5	5	2	2	2	2	2	2	1	1	1	1	1	1	1	1	1	2	2	2	4	2	2	5	25	"2"	4	""	2	5	""	4	0	4	0	"int"	2.33333333333333	2	4	3	2	4	1
922	7	""	1	5	1	""	4	4	4	4	4	4	4	4	4	3	4	3	3	4	4	3	4	4	4	4	4	4	4	4	4	4	4	3	3	2	2	2	2	2	2	2	2	2	4	4	4	3	3	4	4	58	"2"	4	""	1	6	""	3	0	4	0	"int"	3.66666666666667	3.8	4	3	2	4	1
923	11	"Sarek Nationalpark"	2	10	7	"Hiking"	6	5	5	6	6	5	5	6	6	5	1	5	6	5	4	6	5	6	6	6	6	6	6	5	5	5	4	5	5	5	1	1	2	1	1	2	4	1	2	4	2	1	4	2	5	20	"1"	2	""	2	3	""	6	0	3	0	"int"	2.5	4.8	3	2	2	4	2
924	11	"Sarek Nationalpark"	2	10	7	"Hiking"	6	5	5	6	6	5	5	6	6	5	1	5	6	5	4	6	5	6	6	6	6	6	6	4	4	3	3	4	4	1	2	2	2	2	2	2	2	2	4	4	2	2	2	2	5	20	"1"	2	""	2	3	""	3	0	3	0	"int"	2.66666666666667	3.6	3	2	2	4	2
925	7	""	2	1	2	""	5	5	5	5	5	5	5	5	5	5	5	5	5	5	5	5	5	5	4	5	4	5	5	4	4	4	4	4	4	4	4	4	4	4	4	4	4	4	4	5	4	5	5	5	5	48	"1"	10	""	4	6	""	2	2	1	3	"int"	4.66666666666667	4	4	3	2	5	2
926	7	""	1	1	2	""	4	4	4	4	4	4	4	4	4	4	4	4	4	4	4	4	4	4	4	4	4	4	4	4	4	4	4	4	4	4	4	4	4	4	4	4	4	4	5	5	5	5	5	5	4	60	"2"	10	""	4	8	""	1	0	1	0	"int"	5	4	1	1	1	4	1
927	7	""	5	3	1	""	5	5	5	5	5	5	5	5	5	3	3	5	5	4	5	4	5	4	4	4	5	5	5	5	5	4	4	5	5	2	2	2	2	2	2	4	2	1	5	5	4	4	4	4	5	25	"2"	1	""	5	5	""	4	4	2	0	"swe"	4.33333333333333	4.6	2	2	2	5	5
928	7	""	4	1	3	""	5	5	5	5	5	5	5	5	5	5	4	6	6	4	5	6	5	5	5	5	5	5	5	4	3	3	3	3	3	1	1	1	1	1	1	1	1	1	4	4	4	4	3	3	5	39	"1"	1	""	5	4	""	3	0	1	0	"swe"	3.66666666666667	3.2	1	1	1	5	4
929	7	""	2	1	3	""	5	5	6	5	6	5	4	4	6	6	6	6	6	2	4	6	5	4	5	5	5	5	5	4	4	4	4	4	4	2	2	2	2	2	2	2	2	2	2	2	2	2	2	2	4	66	"2"	10	""	6	3	""	5	0	4	0	"int"	2	4	4	3	2	4	2
930	7	""	1	1	2	""	5	5	5	5	6	6	6	5	6	6	6	6	6	6	5	6	5	5	6	6	5	5	5	2	2	4	3	2	3	2	2	2	2	2	2	2	2	2	2	3	2	2	2	2	4	62	"2"	10	""	6	3	""	3	2	2	0	"int"	2.16666666666667	2.6	2	2	2	5	1
931	7	""	1	4	1	""	5	5	6	5	6	5	5	5	6	6	6	6	5	5	5	6	5	5	6	6	6	5	5	5	5	4	5	5	5	4	3	3	2	2	4	4	2	2	2	2	2	2	2	2	5	60	"2"	10	""	1	5	""	3	4	3	1	"int"	2	4.8	4	3	2	5	1
932	7	""	2	2	1	""	4	5	4	4	3	4	5	5	5	4	4	4	4	5	5	5	5	5	4	4	4	5	5	4	4	2	4	3	4	4	3	4	2	4	4	3	3	2	4	4	2	2	2	2	5	58	"1"	10	""	2	6	""	3	1	2	0	"int"	2.66666666666667	3.4	2	2	2	5	2
933	7	""	3	1	2	""	5	5	5	5	6	4	4	4	6	6	3	6	6	2	3	3	4	4	4	4	4	4	4	5	5	5	5	5	5	4	4	4	2	4	4	4	4	4	5	5	4	4	4	4	5	41	"1"	3	""	3	5	""	6	0	2	0	"int"	4.33333333333333	5	2	2	2	3	3
934	7	""	5	3	1	""	4	4	4	4	4	5	5	5	3	3	3	3	4	4	5	3	5	5	5	5	5	5	5	4	4	4	5	3	4	2	2	2	2	3	1	1	3	4	2	4	3	2	4	4	4	30	"2"	11	""	1	5	""	3	0	3	0	"int"	3.16666666666667	4	3	2	2	5	5
935	7	""	1	3	1	""	5	4	4	5	5	4	4	4	5	6	4	6	4	3	4	6	4	4	4	5	5	5	5	3	4	3	3	3	4	2	2	1	3	3	4	3	2	2	4	5	5	2	2	3	5	21	"2"	6	""	4	5	""	5	10	2	0	"int"	3.5	3.2	2	2	2	4	1
936	7	""	1	2	1	""	4	4	5	5	6	5	4	5	4	4	6	6	4	5	5	6	5	4	5	5	5	5	4	4	3	4	3	3	3	2	1	2	2	2	2	2	2	1	4	4	2	1	1	3	5	20	"2"	6	""	4	3	""	2	0	2	0	"int"	2.5	3.4	2	2	2	5	1
937	7	""	2	2	1	""	5	4	4	5	4	4	5	5	4	3	3	3	4	4	4	6	5	5	5	5	5	4	5	4	5	4	5	5	5	2	2	1	2	2	2	4	2	2	1	2	2	2	2	2	5	29	"2"	6	""	3	5	""	5	1	3	1	"int"	1.83333333333333	4.6	4	3	2	4	2
938	7	""	2	2	1	""	5	4	5	4	4	4	4	4	3	4	4	3	3	4	4	3	4	4	4	4	4	5	5	5	5	5	5	5	4	1	1	1	4	4	2	4	4	3	5	5	5	5	5	5	5	35	"1"	6	""	3	6	""	5	0	4	0	"int"	5	5	4	3	2	4	2
939	7	""	1	5	1	""	5	5	6	5	6	5	5	4	6	6	6	6	6	4	4	6	5	5	5	5	5	5	5	4	4	4	5	4	3	2	1	1	1	2	1	2	2	2	4	4	2	2	2	2	5	34	"1"	9	""	3	6	""	9	12	5	0	"int"	2.66666666666667	4.2	5	3	2	4	1
940	7	""	1	5	3	""	6	5	6	5	6	4	6	4	4	6	6	6	6	4	4	6	4	6	4	4	4	4	4	4	4	4	1	1	1	2	2	2	2	2	2	1	2	2	4	4	4	4	2	1	5	36	"2"	9	""	3	4	""	10	0	12	0	"int"	3.16666666666667	2.8	12	3	2	4	1
941	7	""	5	5	1	""	4	5	4	5	4	4	4	1	5	5	3	5	5	4	4	4	4	4	4	4	4	4	4	3	3	3	4	4	4	3	5	5	1	1	1	5	5	5	3	3	3	3	3	3	5	22	"1"	1	""	4	5	""	2	0	0	0	"swe"	3	3.4	0	1	1	4	5
942	7	""	1	4	4	""	4	5	4	4	6	6	6	5	5	6	6	6	6	4	4	6	4	4	6	6	4	4	4	4	5	3	4	2	4	2	2	2	2	2	4	4	4	2	3	4	4	3	3	4	5	20	"2"	9	""	6	3	""	3	4	0	2	"int"	3.5	3.6	2	2	2	4	1
943	7	""	1	2	7	"Vacation"	5	5	5	5	5	5	5	5	5	6	6	6	6	3	5	6	5	5	4	5	5	4	5	2	2	2	3	1	3	3	2	4	1	2	2	4	2	2	2	4	2	1	1	1	5	37	"1"	10	""	3	6	""	12	20	10	0	"int"	1.83333333333333	2	10	3	2	5	1
944	7	""	2	2	2	""	5	5	5	5	4	6	6	5	5	5	6	6	6	5	5	5	5	5	5	5	5	5	5	3	3	3	3	3	4	2	2	2	2	2	2	2	2	2	2	4	4	2	2	2	5	39	"1"	10	""	2	6	""	10	15	2	2	"int"	2.66666666666667	3	4	3	2	5	2
945	7	""	1	3	4	""	3	4	4	4	3	2	5	5	3	4	3	3	3	4	4	4	4	3	3	3	3	3	3	3	3	3	3	3	3	3	3	2	3	3	3	3	3	3	4	4	4	4	4	4	2	24	"1"	12	"Poland"	3	6	""	4	2	2	2	"int"	4	3	4	3	2	4	1
946	7	""	2	6	5	""	5	4	5	4	1	5	6	6	4	2	2	2	2	6	6	3	4	3	4	4	4	4	4	3	4	2	4	4	2	4	4	2	4	4	2	4	4	4	4	2	2	2	2	2	1	25	"2"	1	""	2	5	""	3	2	4	2	"swe"	2.33333333333333	3.4	6	3	2	NA	2
947	7	""	1	6	1	""	5	5	4	5	6	4	4	4	2	3	3	6	3	2	3	6	4	4	4	4	4	4	4	4	4	4	3	4	2	2	2	2	2	2	2	2	2	2	2	2	2	2	2	2	5	51	"1"	10	""	5	3	""	4	10	10	10	"int"	2	3.8	20	3	2	3	1
948	7	""	1	6	1	""	5	5	5	5	5	5	5	5	4	4	5	6	5	3	5	3	5	5	5	5	5	5	5	4	4	4	4	4	4	2	2	2	2	2	2	2	2	2	4	2	2	2	2	2	5	54	"1"	10	""	4	6	""	20	50	4	4	"int"	2.33333333333333	4	8	3	2	5	1
949	7	""	2	3	1	""	5	6	6	6	6	5	5	5	6	6	6	6	6	4	6	6	5	5	3	5	3	3	4	3	3	3	3	3	3	3	3	3	3	3	3	3	3	3	4	4	1	2	1	1	5	25	"2"	10	""	3	3	""	2	0	1	0	"int"	2.16666666666667	3	1	1	1	NA	2
950	7	""	1	3	2	""	5	3	3	4	6	6	6	4	6	6	6	6	6	4	4	6	4	4	3	4	4	4	4	4	4	4	4	4	4	2	2	2	2	2	2	2	2	2	4	4	2	2	2	2	4	24	"1"	10	""	4	5	""	2	2	2	2	"int"	2.66666666666667	4	4	3	2	4	1
951	7	""	5	6	2	""	2	3	2	3	3	3	1	1	3	5	2	4	2	1	1	4	1	3	1	1	1	2	2	2	1	1	2	1	1	5	1	1	3	2	3	5	3	3	3	5	5	4	3	5	2	33	"2"	10	""	2	6	""	2	0	3	0	"int"	4.16666666666667	1.4	3	2	2	1	5
952	7	""	5	3	2	""	5	5	5	5	5	5	4	4	5	5	4	5	5	4	5	4	5	4	5	4	5	5	5	4	5	4	4	3	4	2	1	1	2	4	2	4	3	3	2	4	4	2	1	1	5	34	"1"	1	""	4	5	""	4	0	2	0	"swe"	2.33333333333333	4	2	2	2	5	5
953	7	""	2	4	2	""	4	4	4	5	3	4	5	5	5	3	4	3	3	3	3	3	5	5	5	5	5	5	5	5	5	3	4	2	4	1	1	1	1	1	1	1	1	1	2	2	2	2	2	2	5	23	"1"	4	""	8	6	""	2	0	2	0	"int"	2	3.8	2	2	2	3	2
954	7	""	1	4	2	""	4	4	4	4	3	5	5	5	4	2	3	3	5	5	5	5	5	5	5	5	5	5	5	5	5	5	5	4	5	1	1	1	1	1	1	1	1	1	3	1	1	1	1	1	5	22	"2"	4	""	8	5	""	2	0	10	1	"int"	1.33333333333333	4.8	11	3	2	5	1
955	7	""	5	2	1	""	5	5	5	5	5	5	5	5	5	5	3	6	5	2	2	2	5	5	5	5	5	5	5	2	2	2	2	2	2	1	1	1	1	1	1	1	1	1	4	4	2	2	1	1	5	50	"1"	1	""	6	5	""	20	20	3	1	"swe"	2.33333333333333	2	4	3	2	2	5
956	7	""	5	1	1	""	5	5	5	5	5	5	4	4	4	4	6	6	4	3	4	3	5	5	5	5	5	5	5	3	3	3	4	3	4	1	1	1	1	1	1	1	1	1	1	1	1	1	1	1	5	51	"2"	1	""	5	5	""	10	5	4	2	"swe"	1	3.2	6	3	2	4	5
957	7	""	2	3	4	""	6	6	6	6	3	6	6	6	6	3	3	3	3	6	6	3	6	5	6	5	6	6	6	5	5	5	5	5	5	3	2	4	2	2	2	3	2	5	4	4	4	4	4	4	4	30	"2"	12	"Poland"	6	6	""	5	3	2	2	"int"	4	5	4	3	2	NA	2
958	7	""	1	3	1	""	4	3	4	6	6	4	4	4	6	6	6	6	6	4	4	6	4	5	4	5	4	4	5	3	4	4	4	4	4	3	3	2	3	2	3	3	3	4	3	4	3	2	4	4	3	28	"1"	12	"Poland"	6	3	""	3	2	2	2	"int"	3.33333333333333	3.8	4	3	2	4	1
959	11	"Stores timraroe"	1	10	1	""	1	1	1	1	1	1	1	1	1	1	1	1	1	5	5	5	5	6	6	6	6	6	6	4	4	4	3	4	4	2	2	2	2	2	2	2	2	2	2	4	2	1	1	1	4	35	"1"	10	""	2	6	""	4	5	3	1	"int"	1.83333333333333	3.8	4	3	2	5	1
960	7	""	5	14	1	""	5	5	5	5	2	5	5	5	5	5	5	5	4	4	4	6	4	4	4	4	4	4	4	2	2	2	2	4	4	2	2	2	2	2	2	2	2	2	2	2	2	2	2	2	4	35	"2"	10	""	2	6	""	5	0	4	0	"int"	2	2.4	4	3	2	4	5
961	7	""	5	3	6	""	6	5	5	5	5	5	5	5	5	5	5	5	5	5	5	5	5	5	5	5	5	5	5	4	4	4	4	4	4	3	3	3	3	3	3	3	3	3	5	5	5	5	5	5	5	27	"1"	1	""	5	7	""	50	4	3	0	"swe"	5	4	3	2	2	5	5
962	7	""	5	1	2	""	5	5	5	6	6	5	5	5	4	6	5	5	5	4	5	4	4	5	6	6	5	5	5	1	1	2	2	2	1	1	1	1	1	1	1	1	1	1	1	1	1	1	1	1	5	27	"1"	1	""	5	3	""	0	0	2	0	"swe"	1	1.6	2	2	2	5	5
963	7	""	5	1	2	""	5	4	5	5	4	5	5	4	4	4	3	3	3	4	4	4	5	5	5	5	5	5	5	5	5	5	4	4	3	1	1	1	1	2	2	2	2	3	4	5	4	4	3	2	4	32	"1"	1	""	6	3	""	30	300	0	0	"swe"	3.66666666666667	4.6	0	1	1	4	5
964	7	""	5	1	2	""	4	5	4	5	5	4	4	4	4	4	4	4	5	4	2	2	5	5	4	5	5	5	4	2	4	5	4	4	2	1	1	1	2	5	4	4	2	2	4	5	4	4	2	2	2	24	"1"	1	""	2	4	""	10	5	10	4	"swe"	3.5	3.8	14	3	2	2	5
965	7	""	5	1	2	""	4	5	5	5	5	5	5	4	5	4	3	4	4	2	2	2	4	2	2	2	2	2	2	2	2	2	2	2	2	2	2	2	2	2	2	2	2	2	4	4	4	5	2	2	4	18	"2"	1	""	5	3	""	2	1	3	1	"swe"	3.5	2	4	3	2	2	5
966	7	""	5	3	1	""	5	5	5	5	3	5	5	5	5	4	3	5	5	4	4	4	4	2	2	2	2	5	5	5	5	5	5	5	5	4	4	4	2	4	4	4	4	2	5	5	5	5	5	5	4	55	"2"	1	""	4	3	""	8	0	2	0	"swe"	5	5	2	2	2	4	5
967	4	""	2	1	3	""	5	5	5	5	6	5	5	5	6	5	6	6	5	4	5	6	5	5	5	5	5	5	5	2	4	1	2	1	1	1	1	1	1	1	1	1	1	1	4	4	4	4	4	4	5	45	"2"	1	""	6	3	""	6	0	3	0	"swe"	4	2	3	2	2	5	2
968	6	""	5	2	3	""	5	5	5	5	5	5	5	5	5	3	3	5	5	4	5	4	5	4	4	4	4	5	5	5	5	4	5	5	5	4	4	4	1	4	4	4	4	4	5	5	4	4	4	4	5	28	"1"	1	""	6	3	""	10	0	2	0	"swe"	4.33333333333333	4.8	2	2	2	5	5
969	1	""	5	3	4	""	5	5	5	5	5	5	5	5	5	5	5	5	5	5	5	5	5	5	5	5	5	5	5	4	4	4	4	4	4	1	1	1	1	1	1	1	1	1	2	2	2	2	2	2	5	35	"1"	1	""	5	4	""	5	1	1	0	"swe"	2	4	1	1	1	5	5
970	7	""	5	1	1	""	5	5	5	5	3	5	5	5	5	5	4	5	5	4	4	4	4	4	4	4	4	5	5	5	5	5	5	5	5	4	4	4	2	4	4	4	4	4	5	5	5	5	5	5	4	61	"2"	1	""	4	4	""	10	0	1	0	"swe"	5	5	1	1	1	4	5
971	7	""	5	1	2	""	5	5	5	5	5	5	5	5	5	3	3	4	4	4	4	4	2	2	2	2	3	4	4	5	5	5	5	5	5	4	4	4	4	4	4	4	4	3	5	5	5	5	5	5	5	49	"2"	1	""	5	3	""	8	20	1	0	"swe"	5	5	1	1	1	4	5
972	7	""	5	6	4	""	5	5	5	5	5	4	4	4	4	5	6	6	5	4	5	5	5	5	5	5	5	5	5	3	3	3	3	3	3	4	4	4	4	4	4	4	4	4	4	4	4	4	4	4	5	42	"2"	1	""	6	3	""	5	2	2	1	"swe"	4	3	3	2	2	5	5
973	7	""	5	7	4	""	5	5	5	5	4	5	5	5	5	6	6	6	5	4	5	4	5	5	6	5	5	5	5	1	5	1	5	1	5	1	1	1	1	5	1	1	2	1	1	5	1	5	1	5	5	25	"2"	1	""	3	5	""	4	1	1	1	"swe"	3	2.6	2	2	2	5	5
974	7	""	5	2	1	""	5	5	5	5	2	5	2	2	5	5	5	5	5	2	4	4	5	5	5	5	5	5	5	4	5	2	4	2	2	1	1	1	1	1	1	1	1	1	5	5	4	5	2	5	5	24	"2"	1	""	6	5	""	7	5	2	1	"swe"	4.33333333333333	3.4	3	2	2	4	5
975	6	""	5	1	4	""	3	5	5	5	5	5	5	3	3	6	6	3	4	2	2	2	5	5	6	5	5	5	4	3	3	3	2	3	2	2	2	1	3	4	2	3	4	4	3	5	4	4	2	3	5	25	"2"	1	""	5	5	""	4	1	1	0	"swe"	3.5	2.8	1	1	1	2	5
976	1	""	5	3	1	""	4	5	5	5	5	4	5	5	5	4	5	5	5	5	2	2	5	5	5	5	5	5	5	4	4	4	4	4	4	1	1	1	1	1	2	1	1	1	4	2	2	1	1	2	5	37	"1"	1	""	2	5	""	6	0	0	0	"swe"	2	4	0	1	1	2	5
977	1	""	2	3	4	""	5	5	5	5	6	5	5	4	3	3	5	5	5	5	5	5	5	5	5	5	5	5	5	1	1	1	1	1	1	1	1	1	1	1	1	1	1	1	1	1	1	1	1	1	5	45	"1"	2	""	5	5	""	2	10	3	5	"int"	1	1	8	3	2	5	2
978	1	""	5	3	4	""	5	5	5	5	6	4	3	4	6	3	3	3	6	2	2	6	3	3	3	4	4	5	5	1	1	2	5	3	5	1	1	1	1	1	1	2	2	1	1	2	1	1	1	1	5	66	"2"	1	""	7	1	""	5	0	3	0	"swe"	1.16666666666667	2.4	3	2	2	2	5
979	1	""	5	1	2	""	5	5	5	5	6	5	4	4	5	6	6	5	5	2	4	2	5	5	5	5	5	6	3	1	4	4	1	1	1	1	1	1	1	1	1	3	1	1	4	5	5	4	1	1	5	72	"2"	1	""	6	5	""	5	0	7	0	"swe"	3.33333333333333	2.2	7	3	2	4	5
980	1	""	5	3	1	""	4	5	6	5	6	5	4	4	6	3	3	3	3	2	6	2	6	6	6	6	6	6	6	1	1	1	1	1	1	1	1	3	3	3	3	3	3	3	4	2	4	4	1	4	5	66	"1"	1	""	6	1	""	4	0	0	0	"swe"	3.16666666666667	1	0	1	1	NA	5
981	1	""	5	1	2	""	5	5	5	5	5	4	2	1	2	3	3	3	3	5	5	4	5	4	5	5	5	5	5	2	4	2	4	4	1	1	1	1	1	1	1	1	1	1	1	2	1	1	1	1	5	25	"2"	1	""	5	3	""	20	6	2	1	"swe"	1.16666666666667	3.2	3	2	2	5	5
982	1	""	5	1	3	""	5	5	5	5	5	5	6	5	3	6	6	6	5	5	5	3	5	5	5	5	5	5	5	1	5	1	5	1	1	1	1	1	1	2	1	1	1	1	1	1	1	1	1	1	5	64	"2"	1	""	6	5	""	52	0	4	0	"swe"	1	2.6	4	3	2	5	5
983	1	""	3	2	4	""	4	5	5	2	3	5	5	5	3	3	3	3	3	5	5	3	4	4	4	4	4	4	4	1	1	1	4	1	5	1	1	1	1	1	1	1	1	1	1	1	1	1	1	1	5	55	"2"	2	""	5	1	""	2	0	3	0	"int"	1	1.6	3	2	2	5	3
984	1	""	4	1	3	""	3	5	3	5	6	6	5	5	5	5	5	6	6	1	5	6	5	5	5	5	5	5	5	1	1	1	1	1	2	1	1	1	1	1	4	1	1	1	4	4	1	4	1	1	4	33	"1"	4	""	8	4	""	10	4	4	2	"int"	2.5	1	6	3	2	5	4
985	1	""	5	1	1	""	2	5	5	4	3	2	4	3	3	5	6	6	5	1	1	1	4	6	6	4	4	3	5	5	5	5	5	3	5	3	5	4	1	5	4	4	3	1	5	5	2	2	1	1	2	65	"1"	1	""	7	5	""	10	0	15	0	"swe"	2.66666666666667	4.6	15	3	2	1	5
986	1	""	1	2	4	""	6	5	5	5	6	5	5	1	3	3	3	3	3	5	5	6	5	5	5	5	5	5	5	4	1	1	1	1	5	1	1	1	1	1	1	1	1	1	5	5	2	2	2	1	5	44	"2"	12	"Russia"	1	6	""	4	0	5	0	"int"	2.83333333333333	1.6	5	3	2	5	1
987	1	""	1	2	2	""	6	6	5	5	5	5	5	4	4	3	3	3	3	5	5	6	5	5	5	5	5	5	5	1	1	1	1	1	5	1	1	1	1	1	1	1	1	1	1	1	1	1	1	1	5	23	"2"	8	""	8	5	""	3	0	2	0	"int"	1	1	2	2	2	5	1
988	1	""	5	1	2	""	4	5	4	5	6	2	4	2	4	2	2	4	5	2	2	6	4	4	4	5	5	6	4	1	4	1	5	1	4	1	1	1	1	1	1	1	1	1	1	5	5	1	1	1	1	22	"2"	1	""	3	6	""	20	50	2	0	"swe"	2.33333333333333	2.4	2	2	2	2	5
989	1	""	2	2	3	""	1	5	5	4	5	5	5	5	5	5	5	5	5	5	5	5	5	5	5	5	5	5	5	5	5	5	5	5	5	1	1	1	1	1	1	1	1	1	1	4	4	4	4	4	4	23	"1"	12	"Italy"	8	5	""	3	0	8	0	"int"	3.5	5	8	3	2	5	2
990	1	""	5	1	3	""	5	5	5	5	6	5	6	2	6	3	3	3	3	2	2	1	5	5	5	5	5	6	6	1	1	1	5	1	1	1	1	1	1	1	1	1	1	1	1	5	5	4	4	4	5	74	"2"	1	""	6	5	""	70	0	2	0	"swe"	3.83333333333333	1.8	2	2	2	2	5
991	1	""	5	1	2	""	4	5	4	4	6	5	4	4	6	4	4	4	5	4	4	2	5	4	5	5	4	4	6	4	5	5	5	5	2	1	1	1	3	2	1	1	4	4	5	5	5	5	4	5	5	70	"2"	1	""	3	3	""	12	0	2	0	"swe"	4.83333333333333	4.8	2	2	2	4	5
992	1	""	5	1	2	""	6	4	4	4	3	4	4	4	3	3	3	3	3	3	4	3	5	5	4	2	5	5	5	3	4	4	4	3	5	3	4	3	4	4	5	3	4	4	2	2	2	2	2	4	5	47	"2"	1	""	8	8	""	2	10	4	0	"swe"	2.33333333333333	3.6	4	3	2	4	5
993	1	""	2	1	6	""	4	5	5	4	4	4	4	4	4	3	3	3	4	4	2	2	2	4	3	3	4	4	4	2	1	1	4	4	4	2	3	4	2	2	4	4	4	2	4	4	4	4	4	2	4	43	"1"	1	""	4	3	""	3	1	3	1	"swe"	3.66666666666667	2.4	4	3	2	2	2
994	1	""	2	1	6	""	3	4	4	4	4	5	4	4	3	4	3	4	4	3	4	2	4	4	4	4	3	4	3	4	3	4	2	4	4	4	4	4	2	3	4	3	4	4	3	4	4	4	2	4	4	50	"1"	1	""	8	3	""	3	1	3	3	"swe"	3.5	3.4	6	3	2	4	2
995	1	""	5	1	2	""	4	5	5	4	6	2	2	2	4	3	1	3	3	2	4	2	5	5	5	2	3	4	5	1	2	1	2	4	4	1	1	2	1	4	1	1	2	2	2	2	2	1	1	2	4	26	"1"	1	""	8	5	""	3	0	3	0	"swe"	1.66666666666667	2	3	2	2	4	5
996	1	""	4	2	1	""	4	2	5	2	1	5	5	2	5	4	5	4	5	5	5	2	5	5	4	5	5	5	5	5	5	1	5	4	5	1	5	1	4	2	5	4	3	5	5	5	5	5	3	1	4	20	"1"	1	""	3	2	""	3	0	0	0	"swe"	4	4	0	1	1	5	4
998	1	""	3	4	4	""	5	5	5	5	5	6	6	5	5	6	5	6	5	5	5	5	5	5	5	4	5	5	5	4	4	1	1	4	1	1	1	4	1	1	5	1	5	1	1	4	4	1	1	1	5	25	"2"	7	""	3	3	""	4	0	8	0	"int"	2	2.8	8	3	2	5	3
999	1	""	5	2	1	""	4	5	2	5	5	4	4	2	2	6	2	5	5	2	4	4	5	5	5	5	5	5	5	4	4	5	4	1	2	1	1	1	2	2	1	2	4	4	4	2	2	2	1	1	4	38	"2"	1	""	3	6	""	10	0	2	0	"swe"	2	3.6	2	2	2	4	5
1000	1	""	5	1	2	""	4	5	5	5	5	5	5	4	4	6	6	4	4	4	4	4	5	4	3	4	4	4	4	4	4	2	5	2	4	2	2	1	1	2	2	2	2	2	2	4	2	2	1	2	5	24	"2"	1	""	4	3	""	5	0	3	0	"swe"	2.16666666666667	3.4	3	2	2	4	5
1002	1	""	4	3	4	""	5	5	4	5	5	4	4	4	5	3	4	4	3	4	4	6	4	4	4	4	4	4	4	3	3	3	4	3	3	2	2	2	2	2	2	2	2	2	4	2	2	2	2	2	5	22	"1"	1	""	5	3	""	5	0	3	0	"swe"	2.33333333333333	3.2	3	2	2	4	4
1003	1	""	5	1	3	""	5	5	5	5	4	4	4	4	3	6	6	6	6	3	4	6	5	5	3	4	5	5	4	4	2	5	4	2	5	3	3	4	2	2	4	2	2	2	4	2	2	2	2	2	4	24	"1"	1	""	4	5	""	20	0	5	0	"swe"	2.33333333333333	3.4	5	3	2	4	5
1005	1	""	5	1	1	""	3	5	5	5	6	5	5	5	6	4	5	6	5	4	5	3	5	5	5	5	5	5	5	1	1	1	5	1	1	1	1	1	1	1	1	2	1	1	1	4	4	4	2	4	5	62	"1"	1	""	3	5	""	5	0	2	0	"swe"	3.16666666666667	1.8	2	2	2	5	5
1006	1	""	5	1	2	""	5	5	5	5	6	4	5	1	4	5	5	5	5	4	4	2	5	5	6	5	5	5	5	1	5	1	1	5	1	1	1	1	1	1	4	1	1	1	4	4	1	1	1	1	4	57	"2"	1	""	8	5	""	100	5	3	0	"swe"	2	2.6	3	2	2	4	5
1007	1	""	5	1	6	""	5	5	5	5	6	5	4	4	2	3	5	4	4	2	2	2	5	5	6	5	5	5	5	1	1	4	4	4	2	1	1	1	1	1	1	1	1	1	1	2	1	1	1	1	5	53	"2"	1	""	8	5	""	25	6	3	0	"swe"	1.16666666666667	2.8	3	2	2	2	5
1008	1	""	5	1	6	""	4	4	4	4	2	2	5	5	2	5	5	6	5	2	4	3	5	5	5	5	5	5	5	2	5	5	2	2	2	1	2	2	1	1	1	1	1	1	2	4	4	2	2	1	5	20	"1"	1	""	5	3	""	24	0	2	0	"swe"	2.5	3.2	2	2	2	4	5
1009	1	""	5	2	6	""	5	3	3	5	3	4	5	5	5	6	6	6	4	5	5	3	5	5	5	5	5	5	5	4	3	3	3	3	5	2	2	2	3	4	2	4	4	3	5	5	5	3	3	5	5	40	"1"	12	"China"	3	6	""	10	4	3	4	"int"	4.33333333333333	3.2	7	3	2	5	5
1010	1	""	2	1	6	""	5	5	6	5	6	5	3	2	3	6	6	6	6	4	4	6	5	5	5	5	5	5	5	5	5	5	5	5	5	2	2	2	2	2	3	4	2	2	2	4	2	2	2	2	5	32	"1"	1	""	2	5	""	2	3	2	3	"swe"	2.33333333333333	5	5	3	2	4	2
1012	1	""	3	1	6	""	5	5	5	5	4	4	4	5	6	6	5	6	6	5	5	5	5	5	5	5	5	5	5	1	1	1	1	1	5	1	1	1	1	1	1	1	1	1	1	4	1	1	1	1	5	29	"2"	2	""	3	6	""	9	0	25	25	"int"	1.5	1	50	3	2	5	3
1013	1	""	3	5	4	""	4	5	6	5	6	5	5	5	6	6	6	6	6	5	5	6	5	5	5	5	5	5	5	1	4	4	4	3	5	1	1	1	1	1	1	1	1	1	4	4	5	4	4	2	5	29	"1"	9	""	5	5	""	20	0	10	0	"int"	3.83333333333333	3.2	10	3	2	5	3
1014	1	""	5	3	6	""	6	4	6	4	6	6	6	2	6	6	6	3	3	6	6	6	4	4	5	5	6	6	6	1	1	1	5	1	5	1	1	1	1	2	4	1	4	3	1	4	1	4	1	2	4	59	"2"	1	""	3	6	""	4	40	3	10	"swe"	2.16666666666667	1.8	13	3	2	NA	5
1015	1	""	4	2	4	""	4	5	2	4	2	5	4	4	2	6	6	6	5	5	5	5	5	6	5	5	5	5	5	5	5	1	5	3	5	5	1	1	1	1	1	4	4	5	1	5	5	1	1	5	5	21	"2"	1	""	3	5	""	5	0	5	0	"swe"	3	3.8	5	3	2	5	4
1016	1	""	5	1	4	""	6	5	6	5	5	5	5	5	5	4	4	6	5	5	4	2	5	5	5	5	5	6	6	4	4	1	5	1	4	1	1	1	1	1	4	1	1	1	5	5	5	5	5	5	5	61	"2"	1	""	5	5	""	9	0	0	0	"swe"	5	3	0	1	1	4	5
1017	1	""	5	1	2	""	3	4	5	4	6	4	4	4	4	6	6	5	4	4	4	6	4	4	4	4	4	4	4	3	3	3	3	3	3	4	3	3	4	4	4	4	4	4	4	4	4	3	3	3	4	76	"2"	1	""	7	3	""	51	0	1	0	"swe"	3.5	3	1	1	1	4	5
1018	1	""	1	1	2	""	4	4	6	5	6	5	4	4	6	6	2	6	6	4	4	6	5	5	5	5	5	5	5	2	1	2	2	2	1	1	2	1	2	2	3	2	2	2	2	4	2	2	2	2	5	23	"2"	10	""	3	5	""	2	1	4	0	"int"	2.33333333333333	1.8	4	3	2	4	1
1019	1	""	1	1	2	""	5	5	6	5	6	5	5	4	6	3	2	6	6	5	5	6	5	5	5	5	5	5	5	1	2	3	1	1	2	1	1	1	1	1	1	1	1	1	4	4	2	2	2	2	5	24	"1"	10	""	3	4	""	2	100	2	2	"int"	2.66666666666667	1.6	4	3	2	5	1
1020	1	""	5	1	2	""	5	5	4	5	6	5	5	4	4	4	5	5	5	5	4	2	5	5	5	5	5	5	5	5	5	5	5	5	4	1	1	1	2	2	1	2	1	1	4	5	4	4	1	1	5	73	"2"	1	""	7	7	""	5	0	3	0	"swe"	3.16666666666667	5	3	2	2	4	5
1021	1	""	5	2	6	""	5	4	5	5	6	2	4	4	5	6	6	6	5	4	5	5	5	4	6	6	5	5	5	2	4	1	5	5	1	1	1	1	1	2	1	1	1	1	4	4	2	1	1	1	5	51	"1"	1	""	2	6	""	8	5	2	0	"swe"	2.16666666666667	3.4	2	2	2	5	5
1022	1	""	5	1	6	""	5	5	5	5	5	4	5	5	6	5	6	6	5	4	4	2	5	2	5	5	5	5	5	4	5	5	5	5	4	1	4	4	1	1	1	1	1	1	5	5	5	5	5	5	4	67	"2"	1	""	8	5	""	20	300	5	5	"swe"	5	4.8	10	3	2	4	5
1023	1	""	5	3	4	""	5	5	5	5	5	4	5	2	4	5	4	4	5	2	2	1	5	5	3	5	5	1	5	5	5	5	4	4	5	1	2	5	1	1	1	2	4	4	5	1	4	2	1	1	5	23	"2"	1	""	4	3	""	30	0	0	0	"swe"	2.33333333333333	4.6	0	1	1	2	5
1024	1	""	5	1	2	""	5	5	5	5	5	5	5	2	5	5	5	5	5	5	5	5	5	5	5	5	5	5	5	5	5	5	5	5	5	1	1	1	1	1	1	1	2	2	5	5	5	5	5	5	5	50	"1"	1	""	8	5	""	5	5	1	0	"swe"	5	5	1	1	1	5	5
1025	1	""	5	1	7	"Besöker Medicinskt center"	5	5	5	5	6	5	5	5	5	3	3	5	5	3	3	6	5	5	5	5	5	5	5	3	3	3	4	3	3	4	4	4	3	2	1	2	1	3	4	5	4	3	2	2	5	78	"1"	1	""	7	2	""	10	0	1	0	"swe"	3.33333333333333	3.2	1	1	1	3	5
1026	1	""	5	1	2	""	5	5	5	5	5	5	5	5	5	3	3	5	5	5	5	3	5	5	5	5	5	5	5	4	4	5	4	4	4	1	1	1	2	2	1	2	4	4	4	5	4	3	3	3	5	76	"2"	1	""	7	8	"Grundskollärarexamen"	10	0	1	0	"swe"	3.66666666666667	4.2	1	1	1	5	5
1027	1	""	1	4	7	"One of my holiday destinations"	4	4	4	4	3	5	4	4	4	3	4	3	3	4	4	3	5	5	5	5	5	5	5	4	2	3	2	2	3	2	2	2	2	2	2	2	3	2	2	4	2	2	2	2	5	34	"2"	11	""	6	6	""	4	0	1	0	"int"	2.33333333333333	2.6	1	1	1	4	1
1028	1	""	3	1	2	""	5	5	5	4	4	4	4	4	5	5	5	5	5	4	5	5	5	5	5	5	5	5	5	1	1	4	5	1	1	2	2	1	1	5	1	1	1	1	1	4	1	1	1	2	2	66	"2"	1	""	6	5	""	2	0	2	0	"swe"	1.66666666666667	2.4	2	2	2	5	3
1029	1	""	5	1	3	""	4	5	5	5	4	4	3	4	5	6	6	6	6	4	5	6	5	5	5	5	5	5	5	4	2	5	4	2	1	1	1	1	2	2	1	2	2	3	2	2	2	2	1	1	5	21	"1"	1	""	5	3	""	12	0	4	0	"swe"	1.66666666666667	3.4	4	3	2	5	5
1030	1	""	5	1	3	""	6	5	5	5	5	6	6	4	6	5	5	5	5	5	5	6	5	5	5	5	5	5	5	1	1	1	1	1	1	1	1	1	1	1	1	1	1	1	1	1	1	1	1	1	5	38	"1"	2	""	6	3	""	30	30	2	0	"int"	1	1	2	2	2	5	5
1031	1	""	5	1	6	""	4	4	2	4	4	2	4	4	5	6	5	5	5	4	4	5	5	5	5	5	5	5	5	5	5	4	5	5	5	1	1	1	1	1	1	1	1	1	5	5	5	5	5	5	5	33	"1"	1	""	6	5	""	0	0	2	0	"swe"	5	4.8	2	2	2	4	5
1032	1	""	2	2	7	""	4	5	5	5	4	4	4	4	4	4	6	6	4	3	4	6	5	5	5	5	5	5	5	4	3	2	3	4	4	2	2	2	2	4	2	3	3	3	4	3	3	3	3	2	4	30	"1"	8	""	2	3	""	15	2	3	2	"int"	3	3.2	5	3	2	4	2
1033	1	""	2	2	4	""	6	5	5	5	6	4	5	5	6	6	6	6	6	5	6	6	5	5	5	5	5	5	5	1	1	1	1	1	1	1	1	1	1	1	1	1	1	1	1	1	1	1	1	1	5	67	"1"	11	""	2	5	""	6	0	10	0	"int"	1	1	10	3	2	NA	2
1034	1	""	1	3	1	""	5	5	5	5	5	5	5	5	5	5	5	5	5	5	5	5	5	5	5	5	5	5	5	4	4	3	4	4	4	4	3	3	3	2	2	2	2	2	4	4	4	2	2	2	5	30	"2"	11	""	3	7	""	1	0	1	0	"int"	3	3.8	1	1	1	5	1
1035	1	""	1	4	4	""	4	4	4	4	3	3	3	4	3	4	4	3	3	3	4	3	4	3	3	3	4	4	3	2	4	4	4	4	4	3	2	2	2	2	2	4	2	2	2	2	2	2	1	2	5	62	"2"	10	""	8	6	""	10	3	2	2	"int"	1.83333333333333	3.6	4	3	2	4	1
1036	1	""	1	4	7	""	4	4	3	5	3	5	4	2	5	3	4	3	3	4	5	3	3	4	3	3	4	3	3	3	3	4	4	4	4	3	3	2	2	2	2	2	3	3	4	4	2	2	2	3	5	65	"1"	10	""	8	6	""	5	0	2	0	"int"	2.83333333333333	3.6	2	2	2	5	1
1037	1	""	3	2	4	""	5	5	5	4	2	5	5	5	5	5	5	1	5	5	5	5	5	5	5	5	5	5	5	4	4	1	1	1	5	1	1	1	1	1	1	1	1	1	1	1	1	1	1	1	5	45	"1"	3	""	6	3	""	5	0	2	0	"int"	1	2.2	2	2	2	5	3
1038	1	""	2	3	7	"Backpacking trip"	4	5	5	5	4	5	5	5	3	6	6	6	6	5	5	3	5	5	5	5	5	5	5	4	5	1	4	1	1	5	5	5	5	5	5	5	4	4	4	4	2	1	1	2	5	29	"1"	8	""	2	5	""	10	0	10	0	"int"	2.33333333333333	3	10	3	2	5	2
1039	1	""	1	7	1	""	5	5	5	5	5	5	5	5	5	6	5	6	6	5	5	6	5	5	5	6	5	5	5	4	4	4	4	4	5	1	1	2	2	2	2	1	1	1	2	4	4	4	2	2	5	23	"2"	5	""	2	6	""	3	0	4	0	"int"	3	4	4	3	2	5	1
1040	1	""	5	2	5	""	5	5	5	5	5	5	2	2	1	5	5	5	5	4	4	1	5	5	5	5	5	5	5	4	4	1	1	1	1	1	1	1	1	1	1	1	1	1	1	1	1	1	1	1	5	28	NA	9	""	4	7	""	6	3	7	7	"int"	1	2.2	14	3	2	4	5
1043	6	""	5	30	5	""	4	4	4	4	4	4	3	3	5	4	4	4	4	4	3	2	6	4	4	6	5	5	5	4	4	4	5	3	3	3	2	1	4	2	3	3	3	3	3	3	4	3	3	5	4	21	"2"	12	"Poland"	5	3	""	10	2	10	2	"int"	3.5	4	12	3	2	3	5
1044	1	""	5	4	4	""	4	5	4	5	4	4	4	4	4	3	3	4	4	2	1	1	4	4	5	5	5	5	5	4	3	3	4	3	4	2	1	1	1	2	2	3	2	3	4	4	4	4	1	2	5	59	"1"	1	""	3	3	""	10	30	3	10	"swe"	3.16666666666667	3.4	13	3	2	1	5
1045	7	""	1	3	1	""	5	5	5	6	6	5	5	5	4	6	6	6	4	4	5	4	5	5	5	5	5	5	5	3	3	3	4	4	4	1	1	1	1	1	1	1	1	1	2	2	2	2	2	2	5	26	"1"	12	"Australia"	4	5	""	6	1	1	0	"int"	2	3.4	1	1	1	5	1
1046	2	""	5	6	6	""	4	4	4	4	5	4	4	4	4	4	4	5	4	4	4	4	4	5	4	4	4	4	4	4	4	4	4	4	4	2	2	2	2	2	3	3	3	3	2	1	1	1	1	1	5	23	"1"	1	""	5	6	""	5	100	15	1	"swe"	1.16666666666667	4	16	3	2	4	5
1047	11	"Köpenhamn"	2	1	5	""	4	4	6	4	6	4	6	4	6	6	6	6	5	4	4	2	5	5	5	5	5	5	4	4	4	4	4	4	2	2	1	1	1	2	2	1	2	1	4	4	2	2	2	1	5	34	"2"	1	""	4	6	""	10	1	2	0	"swe"	2.5	4	2	2	2	4	2
1048	7	""	1	3	1	""	5	5	5	6	6	5	5	5	5	6	6	6	5	4	5	4	4	5	5	4	5	5	5	4	4	3	4	3	4	1	1	2	4	3	2	4	2	1	4	4	4	4	3	5	5	22	"2"	12	"Australia"	4	3	""	4	0	1	0	"int"	4	3.6	1	1	1	5	1
1049	6	""	3	6	5	""	4	5	4	5	4	4	5	5	5	4	4	4	4	2	5	4	5	5	5	5	5	5	5	5	5	4	3	3	5	2	2	2	4	1	2	2	2	2	4	2	2	2	2	2	5	39	"1"	1	""	3	6	""	2	3	3	3	"swe"	2.33333333333333	4	6	3	2	5	3
1050	11	"Markaryd"	4	2	5	""	3	1	2	3	2	1	2	3	2	3	3	2	2	4	1	4	4	1	2	4	2	1	4	1	2	2	3	1	2	1	2	3	1	1	2	2	4	2	2	1	1	2	2	1	3	19	"1"	1	""	7	3	""	5	0	1	10	"swe"	1.5	1.8	11	3	2	1	4
1051	11	"Alingsas"	4	2	1	""	5	5	5	5	6	5	5	5	5	6	6	6	6	4	3	1	5	5	5	5	5	5	5	4	4	3	3	3	3	1	1	1	3	4	4	3	2	2	4	5	5	4	4	4	5	61	"2"	1	""	6	3	""	10	0	2	0	"swe"	4.33333333333333	3.4	2	2	2	3	4
1052	7	""	5	2	4	""	5	5	5	5	5	2	4	4	4	2	3	2	4	2	4	3	5	2	4	4	3	3	3	2	2	2	3	2	5	2	3	2	1	2	4	1	5	3	4	4	4	4	2	4	4	30	"2"	1	""	8	4	""	26	5	3	1	"swe"	3.66666666666667	2.2	4	3	2	4	5
1053	7	""	2	1	2	""	4	5	5	5	5	4	6	5	2	3	3	4	4	4	2	2	2	4	4	5	5	4	2	2	3	4	4	2	4	2	2	1	2	4	4	2	2	1	1	1	2	1	1	2	4	26	"1"	1	""	4	5	""	20	10	3	1	"swe"	1.33333333333333	3	4	3	2	2	2
1054	6	""	1	1	7	"The bridge series :)"	4	6	6	4	3	4	4	4	6	6	4	6	6	5	5	5	4	4	4	4	4	4	5	4	4	4	2	2	4	4	2	2	2	2	2	2	4	3	2	2	2	2	2	2	5	30	"2"	12	"Russia"	1	6	""	5	1	10	0	"int"	2	3.2	10	3	2	5	1
1055	6	""	5	2	4	""	4	5	5	5	3	4	5	3	4	3	3	3	4	4	6	6	5	5	5	5	5	5	5	4	5	4	4	5	5	4	2	2	2	2	2	4	4	4	4	4	4	2	2	2	5	50	"2"	1	""	5	6	""	4	2	2	0	"swe"	3	4.4	2	2	2	NA	5
1056	11	"Karlskrona"	3	1	2	""	2	3	5	5	4	4	1	1	1	1	4	4	4	4	4	3	3	3	3	3	3	2	1	4	5	4	5	4	1	2	2	2	1	4	2	1	1	1	5	4	5	4	1	1	5	35	"1"	1	""	8	3	""	1	0	2	0	"swe"	3.33333333333333	4.4	2	2	2	4	3
1057	6	""	1	1	3	""	4	3	5	5	3	4	4	5	5	6	2	6	6	4	5	6	5	5	5	5	5	5	5	4	4	4	4	4	4	3	4	3	2	4	4	3	4	3	4	4	4	4	4	4	3	34	"2"	12	"Serbia"	4	7	""	1	1	4	0	"int"	4	4	4	3	2	5	1
1058	6	""	5	1	3	""	3	4	4	4	5	4	5	3	3	2	3	4	5	2	1	1	5	5	5	5	5	5	5	4	3	3	3	4	4	1	1	1	1	1	1	1	1	1	3	4	4	2	2	3	2	45	"1"	1	""	7	6	""	40	60	4	1	"swe"	3	3.4	5	3	2	1	5
1059	11	"Vaxjo"	5	3	7	"Noje"	6	6	4	4	3	1	5	6	6	3	3	3	5	5	5	2	5	5	5	5	5	5	5	3	2	3	3	3	4	1	1	1	1	1	1	4	3	4	2	4	2	3	1	1	5	27	"2"	1	""	6	5	""	4	0	1	0	"swe"	2.16666666666667	2.8	1	1	1	5	5
1060	6	""	1	1	1	""	5	5	5	5	6	4	5	5	2	5	5	6	5	5	4	1	5	5	6	6	5	5	5	4	4	3	5	3	3	1	1	1	4	1	1	2	1	2	4	4	4	5	2	2	5	32	"2"	1	""	1	5	""	5	0	1	0	"swe"	3.5	3.8	1	1	1	4	1
1061	6	""	4	2	7	"Noje"	5	5	5	5	3	5	5	5	5	3	3	3	5	5	5	5	5	5	5	5	5	5	5	4	4	3	3	3	3	1	1	1	1	1	1	2	1	1	4	4	4	1	1	1	5	48	"1"	1	""	5	3	""	5	0	1	0	"swe"	2.5	3.4	1	1	1	5	4
1062	6	""	4	2	1	""	5	5	5	5	5	5	5	5	5	5	6	6	5	4	2	2	5	4	5	5	5	5	5	2	2	3	2	2	2	2	1	1	1	1	2	2	1	1	2	2	2	2	2	2	5	56	"1"	1	""	8	3	""	5	5	1	0	"swe"	2	2.2	1	1	1	2	4
1063	7	""	2	1	7	"Music festival"	5	5	5	5	3	5	5	3	3	4	4	3	3	3	3	3	5	5	5	4	4	3	5	5	5	3	3	4	4	3	3	3	3	3	3	3	3	3	3	3	3	3	3	3	4	20	"1"	1	""	1	3	""	1	0	0	0	"swe"	3	4	0	1	1	3	2
1064	6	""	5	2	7	"Teater"	5	5	5	5	5	5	5	2	4	3	4	3	3	4	3	1	5	5	5	5	5	4	5	5	5	4	5	4	4	3	3	3	3	3	3	3	3	3	4	5	5	4	4	4	5	56	"2"	1	""	1	3	""	10	0	2	0	"swe"	4.33333333333333	4.6	2	2	2	3	5
1065	7	""	4	3	4	""	5	6	6	5	5	5	3	2	4	3	3	6	5	4	4	6	5	5	6	6	5	5	5	3	4	5	1	3	1	1	1	1	1	4	1	1	4	1	1	2	1	1	1	1	5	44	"2"	1	""	2	4	""	5	2	1	0	"swe"	1.16666666666667	3.2	1	1	1	4	4
1066	1	""	5	90	4	""	5	4	5	5	3	4	4	3	3	3	6	6	5	4	4	3	5	4	4	5	4	5	5	4	3	3	3	4	4	2	2	2	1	2	2	3	5	4	2	4	3	2	1	1	5	24	"2"	1	""	3	5	""	30	10	6	0	"swe"	2.16666666666667	3.4	6	3	2	4	5
1067	1	""	5	3	4	""	1	1	1	1	1	1	1	1	1	1	1	1	1	1	1	1	1	2	2	1	2	2	2	3	2	2	3	2	2	1	1	1	1	1	1	1	1	1	2	1	2	1	3	2	2	36	NA	9	""	1	7	""	30	0	6	10	"int"	1.83333333333333	2.4	16	3	2	1	5
1068	6	""	5	1	2	""	4	5	6	5	4	2	6	3	4	6	2	6	4	2	2	2	5	5	4	4	5	5	5	1	4	4	3	2	3	1	2	2	1	1	1	1	1	1	3	4	2	1	1	1	5	24	"1"	1	""	6	5	""	200	0	2	0	"swe"	2	2.8	2	2	2	2	5
1069	6	""	1	1	2	""	4	3	4	5	3	5	5	4	3	3	2	3	3	5	5	3	4	3	4	3	4	4	5	3	3	3	3	4	3	2	2	3	3	2	2	2	3	2	3	2	2	2	2	2	4	36	"1"	12	"Myanmar"	4	5	""	1	10	1	1	"int"	2.16666666666667	3.2	2	2	2	5	1
1070	11	"Karlskrona"	5	2	4	""	5	5	5	5	5	5	5	5	5	5	6	5	6	5	6	6	5	5	4	5	5	4	4	1	1	1	1	1	1	1	2	1	1	4	2	1	4	1	1	4	2	1	1	1	5	55	"2"	1	""	4	6	""	10	10	1	1	"swe"	1.66666666666667	1	2	2	2	NA	5
1071	11	"Markaryd"	5	1	7	"Festival"	3	5	5	5	5	5	5	1	5	4	6	5	4	1	1	1	1	5	1	5	1	3	3	3	3	3	3	3	3	3	3	1	3	3	3	3	3	3	2	4	4	4	4	4	4	18	"2"	1	""	8	2	""	50	0	2	0	"swe"	3.66666666666667	3	2	2	2	1	5
1072	6	""	4	1	2	""	5	5	5	5	5	5	5	5	5	6	6	5	6	5	1	1	5	5	5	5	4	4	4	4	5	3	5	4	4	2	2	1	1	2	2	2	2	2	2	4	3	4	2	2	4	52	"2"	1	""	6	6	""	150	40	1	0	"swe"	2.83333333333333	4.2	1	1	1	1	4
1073	6	""	1	1	6	""	4	4	3	4	3	5	5	5	5	5	4	4	4	5	5	5	5	5	5	5	5	5	5	4	4	4	4	4	4	4	4	2	3	2	2	5	3	3	2	2	2	2	2	2	5	27	"2"	12	"India"	2	5	""	2	2	2	2	"int"	2	4	4	3	2	5	1
1074	6	""	1	3	7	"Seminar"	3	4	3	4	3	3	4	4	4	5	3	3	4	3	3	3	5	4	3	5	3	3	4	4	4	2	4	3	4	2	2	2	3	3	2	2	3	3	4	4	2	2	2	2	5	30	"1"	7	""	2	6	""	3	1	3	1	"int"	2.66666666666667	3.4	4	3	2	3	1
1075	7	""	5	10	5	""	5	5	6	6	5	5	5	5	5	3	3	3	4	3	5	5	5	5	5	4	4	5	5	3	2	4	1	2	4	3	2	2	1	2	2	2	2	2	1	1	1	1	1	1	5	24	"1"	2	""	3	5	""	8	2	10	0	"int"	1	2.4	10	3	2	5	5
1076	6	""	3	1	2	""	4	4	4	4	3	3	4	4	4	4	4	3	4	4	4	5	4	3	4	4	4	3	4	4	4	4	4	3	4	2	2	2	2	4	2	4	4	4	2	2	2	2	2	2	4	20	"1"	2	""	6	5	""	2	200	2	9	"int"	2	3.8	11	3	2	4	3
1077	6	""	2	1	2	""	4	5	6	5	6	5	5	5	6	6	5	6	6	5	5	6	5	5	6	3	5	5	5	4	5	3	4	4	3	2	3	3	2	3	2	3	2	2	2	4	4	3	2	1	5	30	"2"	12	"Ukraine"	2	6	""	4	2	4	0	"int"	2.66666666666667	4	4	3	2	5	2
1078	7	""	5	4	4	""	3	4	4	3	3	4	4	3	5	5	5	5	5	5	6	6	3	3	4	3	3	3	3	4	4	4	4	4	4	3	3	1	1	3	1	1	1	1	4	5	5	4	3	3	4	18	"2"	1	""	6	2	""	10	0	1	0	"swe"	4	4	1	1	1	NA	5
1079	7	""	3	7	4	""	4	5	3	5	5	5	4	4	4	4	3	3	4	4	3	3	5	5	4	4	3	5	5	3	3	3	4	4	4	3	1	3	1	1	1	1	3	3	1	4	3	1	3	1	4	24	"1"	1	""	5	3	""	5	0	1	0	"swe"	2.16666666666667	3.4	1	1	1	3	3
1080	1	""	2	1	3	""	5	4	4	4	6	4	6	5	4	6	6	6	3	4	6	6	4	4	4	4	4	4	4	2	3	4	4	3	2	1	1	1	2	2	1	2	2	1	2	2	2	2	2	2	5	23	"2"	1	""	6	3	""	20	2	2	0	"swe"	2	3.2	2	2	2	NA	2
1081	11	"Ksrlskrona"	5	40	1	""	4	1	1	1	1	2	4	5	5	3	3	4	4	5	5	5	5	5	5	5	5	5	5	4	2	2	2	2	4	2	1	1	1	2	2	2	1	2	4	2	2	2	2	2	4	21	"1"	1	""	4	6	""	30	2	1	0	"swe"	2.33333333333333	2.4	1	1	1	5	5
1082	6	""	5	3	4	""	4	4	4	4	4	4	4	4	4	4	4	4	4	4	4	4	4	4	4	4	4	4	4	4	4	3	3	3	3	3	3	3	3	3	3	3	3	3	2	2	2	2	2	2	4	25	"1"	1	""	7	3	""	1	0	1	0	"swe"	2	3.4	1	1	1	4	5
1083	6	""	5	1	6	""	2	1	5	5	5	4	4	3	4	4	3	4	4	4	4	1	5	5	5	5	5	5	5	4	4	3	5	3	3	1	1	1	1	1	1	1	1	1	1	1	1	2	1	2	5	18	"1"	1	""	6	4	""	200	200	0	0	"swe"	1.33333333333333	3.8	0	1	1	4	5
